2, 3429, 66.1110, 253.5951, 8784.8418, 86.1090, 273.5931, 8784.8418, 0.4407, 45.0000, 192.9991, 107.2200, 334.1891
3, 3431, 267.1113, 224.5966, 8783.4082, 287.1093, 244.5946, 8783.4082, 0.4407, 246.0031, 164.0058, 308.2175, 305.1854
3, 3430, 222.0009, 244.5007, 1534.2848, 241.9989, 264.4987, 1534.2848, 0.4407, 218.9987, 224.9968, 245.0011, 284.0025
3, 3429, 57.0551, 253.5395, 8784.8418, 78.1658, 274.6501, 8784.8418, 0.4407, 36.5005, 193.4998, 98.7205, 334.6898
4, 3429, 49.5669, 243.1819, 10405.1221, 75.8411, 269.4560, 10405.1221, 0.4407, 28.8464, 179.4889, 96.5616, 333.1490
5, 3431, 267.1794, 227.1803, 7461.3398, 293.4536, 253.4544, 7461.3398, 0.4407, 251.6459, 175.2565, 308.9872, 305.3781
5, 3430, 218.7836, 241.9496, 1526.8535, 245.0578, 268.2238, 1526.8535, 0.4407, 218.9510, 225.6555, 244.8904, 284.5179
5, 3429, 39.7527, 241.8942, 10557.1406, 68.2501, 270.3916, 10557.1406, 0.4407, 19.8974, 178.7536, 88.1054, 333.5322
6, 3431, 266.2484, 233.0607, 7312.2085, 294.7458, 261.5581, 7312.2085, 0.4407, 252.1145, 182.9020, 308.8797, 311.7169
6, 3430, 214.4544, 239.9695, 1531.1403, 242.9519, 268.4669, 1531.1403, 0.4407, 215.7153, 224.7457, 241.6910, 283.6908
6, 3429, 33.9663, 240.6321, 8920.9199, 62.4902, 269.1560, 8920.9199, 0.4407, 16.8783, 183.7543, 79.5783, 326.0338
7, 3433, 311.0499, 240.1374, 5259.3374, 337.3240, 266.4116, 5259.3374, 0.4407, 300.1158, 198.6516, 348.2581, 307.8974
7, 3431, 266.1597, 234.6259, 7319.0796, 294.6836, 263.1497, 7319.0796, 0.4407, 252.0257, 184.4500, 308.8175, 313.3256
7, 3430, 216.1417, 240.8461, 1802.4653, 244.6656, 269.3699, 1802.4653, 0.4407, 216.3120, 223.1306, 244.4954, 287.0854
7, 3429, 28.9819, 249.9680, 10364.7012, 57.1667, 278.1528, 10364.7012, 0.4407, 9.2825, 187.3797, 76.8660, 340.7411
8, 3433, 306.2920, 238.6520, 6052.2144, 334.7894, 267.1495, 6052.2144, 0.4407, 294.7188, 194.3050, 346.3626, 311.4965
8, 3431, 266.3503, 234.3542, 7331.5859, 294.5352, 262.5391, 7331.5859, 0.4407, 252.0226, 183.9537, 308.8629, 312.9395
8, 3430, 213.1503, 241.0550, 1828.8542, 241.3351, 269.2398, 1828.8542, 0.4407, 213.0483, 222.9367, 241.4372, 287.3581
8, 3429, 21.3256, 245.4334, 12424.3281, 49.2515, 273.3593, 12424.3281, 0.4407, -1.7086, 175.4419, 72.2858, 343.3508
9, 3431, 272.6890, 237.4414, 6205.0571, 300.6149, 265.3673, 6205.0571, 0.4407, 260.5063, 192.0729, 312.7977, 310.7358
9, 3430, 210.1583, 240.6490, 1556.5149, 238.0842, 268.5749, 1556.5149, 0.4407, 211.0262, 224.8962, 237.2163, 284.3278
10, 3431, 275.6284, 228.8401, 7231.7983, 303.3938, 256.6055, 7231.7983, 0.4407, 261.2850, 178.6704, 317.7372, 306.7753
10, 3430, 208.5780, 241.1156, 1797.2410, 236.3434, 268.8809, 1797.2410, 0.4407, 208.3894, 223.0671, 236.5319, 286.9294
11, 3431, 274.4041, 229.0146, 6221.1411, 302.0730, 256.6835, 6221.1411, 0.4407, 262.0590, 183.4408, 314.4182, 302.2573
11, 3430, 208.4700, 240.4026, 2142.7551, 236.1389, 268.0715, 2142.7551, 0.4407, 206.9401, 219.3715, 237.6689, 289.1026
12, 3431, 280.7111, 237.0500, 6113.5239, 308.3221, 264.6610, 6113.5239, 0.4407, 268.5643, 191.9634, 320.4688, 309.7476
12, 3430, 205.3596, 244.2453, 2172.6289, 232.9706, 271.8563, 2172.6289, 0.4407, 203.6940, 222.9431, 234.6363, 293.1586
13, 3430, 203.0988, 242.2088, 2538.0273, 230.6750, 269.7851, 2538.0273, 0.4407, 200.1654, 218.0516, 233.6085, 293.9423
14, 3430, 199.0453, 247.1702, 1610.2678, 226.6006, 274.7256, 1610.2678, 0.4407, 199.5037, 230.7234, 226.1422, 291.1724
15, 3430, 201.3152, 249.1072, 1512.5150, 228.8580, 276.6500, 1512.5150, 0.4407, 202.1780, 233.5859, 227.9953, 292.1713
16, 3430, 200.1236, 245.8782, 1787.9082, 227.6588, 273.4135, 1787.9082, 0.4407, 199.8565, 227.7977, 227.9259, 291.4939
17, 3437, 316.6525, 240.4066, 4414.2783, 343.5580, 267.3121, 4414.2783, 0.4407, 308.0526, 203.8168, 352.1579, 303.9018
17, 3430, 198.2642, 251.2998, 1553.0433, 225.7949, 278.8306, 1553.0433, 0.4407, 198.9491, 235.3826, 225.1100, 294.7478
18, 3430, 194.9414, 253.0860, 1528.4419, 222.4694, 280.6140, 1528.4419, 0.4407, 195.7290, 237.4035, 221.6818, 296.2966
19, 3430, 190.9113, 250.7115, 1799.5007, 218.4377, 278.2379, 1799.5007, 0.4407, 190.5944, 232.5235, 218.7546, 296.4258
20, 3442, 375.0696, 233.2182, 1851.7878, 401.3438, 259.4924, 1851.7878, 0.4407, 373.9236, 213.9432, 402.4899, 278.7674
20, 3430, 188.3121, 247.7679, 2516.5388, 215.8376, 275.2933, 2516.5388, 0.4407, 185.4242, 223.7462, 218.7255, 299.3150
21, 3430, 186.6142, 249.7156, 1891.2483, 214.1390, 277.2404, 1891.2483, 0.4407, 185.9421, 230.7224, 214.8112, 296.2336
22, 3430, 185.7409, 246.3143, 2132.9934, 213.2654, 273.8388, 2132.9934, 0.4407, 184.1738, 225.2905, 214.8325, 294.8626
23, 3444, 382.8629, 49.3624, 1534.0000, 409.1371, 75.6366, 1534.0000, 0.4407, 383.0000, 32.9995, 409.0000, 91.9995
23, 3430, 181.5327, 249.0839, 2161.9731, 209.0570, 276.6082, 2161.9731, 0.4407, 179.8617, 227.8244, 210.7280, 297.8676
24, 3444, 381.8872, 45.4497, 1803.5602, 410.3846, 73.9472, 1803.5602, 0.4407, 382.0399, 27.7113, 410.2319, 91.6856
24, 3430, 177.4495, 243.1756, 2533.1660, 204.9737, 270.6998, 2533.1660, 0.4407, 174.5061, 219.0287, 207.9172, 294.8467
25, 3449, 282.6316, 231.1917, 6095.8809, 308.9057, 257.4658, 6095.8809, 0.4407, 269.8539, 185.5217, 321.6834, 303.1358
25, 3448, 322.8629, 238.1049, 6136.0000, 349.1371, 264.3791, 6136.0000, 0.4407, 310.0000, 192.2420, 362.0000, 310.2420
25, 3444, 381.7745, 47.4855, 1559.7295, 410.2985, 76.0094, 1559.7295, 0.4407, 382.9279, 32.0010, 409.1451, 91.4938
25, 3430, 174.1196, 242.2044, 3049.8735, 201.6436, 269.7285, 3049.8735, 0.4407, 169.5512, 214.3706, 206.2120, 297.5624
26, 3450, 46.3949, 241.7568, 20068.4570, 72.6691, 268.0310, 20068.4570, 0.4407, 12.5120, 148.1923, 106.5521, 361.5954
26, 3449, 281.8624, 229.5934, 6111.9150, 310.3598, 258.0908, 6111.9150, 0.4407, 270.1623, 184.9578, 322.0599, 302.7264
26, 3448, 321.7513, 238.1153, 6136.0000, 350.2487, 266.6127, 6136.0000, 0.4407, 310.0000, 193.3640, 362.0000, 311.3640
26, 3430, 168.5701, 243.1393, 3090.8738, 196.0942, 270.6633, 3090.8738, 0.4407, 163.8790, 215.0269, 200.7854, 298.7758
27, 3450, 34.8544, 234.4974, 24353.1621, 63.3518, 262.9948, 24353.1621, 0.4407, -2.6940, 131.2049, 100.9001, 366.2873
27, 3449, 276.2999, 226.9286, 7258.6338, 304.8238, 255.4525, 7258.6338, 0.4407, 262.2834, 177.0195, 318.8402, 305.3616
27, 3430, 162.4603, 242.9113, 3080.7119, 189.9843, 270.4353, 3080.7119, 0.4407, 157.7994, 214.8678, 194.6452, 298.4788
28, 3449, 275.0648, 226.2784, 7372.9795, 303.2496, 254.4632, 7372.9795, 0.4407, 260.6569, 175.6962, 317.6574, 305.0455
28, 3430, 157.3089, 247.8980, 3073.0452, 184.8329, 275.4220, 3073.0452, 0.4407, 152.6709, 219.9066, 189.4709, 303.4134
29, 3430, 156.4551, 249.2141, 3069.7366, 183.9791, 276.7381, 3069.7366, 0.4407, 151.8270, 221.2452, 188.6071, 304.7069
30, 3448, 328.2969, 229.7946, 6136.0000, 356.8719, 258.3695, 6136.0000, 0.4407, 316.5844, 185.0821, 368.5844, 303.0821
30, 3430, 151.7323, 248.8930, 3068.5063, 179.2563, 276.4170, 3068.5063, 0.4407, 147.1078, 220.9326, 183.8807, 304.3775
31, 3448, 328.1410, 227.0225, 7268.6592, 356.3525, 255.2340, 7268.6592, 0.4407, 313.9487, 176.9131, 370.5448, 305.3435
31, 3430, 146.7484, 240.1628, 5951.3755, 174.2724, 267.6868, 5951.3755, 0.4407, 134.9044, 195.8195, 186.1164, 312.0302
32, 3448, 329.3562, 229.2489, 6244.1016, 357.3317, 257.2244, 6244.1016, 0.4407, 317.1160, 183.7191, 369.5719, 302.7542
32, 3430, 146.1135, 237.7685, 6226.3862, 173.6375, 265.2925, 6226.3862, 0.4407, 133.6846, 192.0977, 186.0664, 310.9633
33, 3448, 330.2581, 230.2844, 6123.0508, 358.0635, 258.0898, 6123.0508, 0.4407, 318.1883, 185.2493, 370.1333, 303.1249
33, 3430, 140.8315, 252.0921, 3310.0476, 168.3555, 279.6161, 3310.0476, 0.4407, 135.4971, 222.5206, 173.6898, 309.1877
34, 3456, 283.7065, 235.3870, 7329.0303, 309.9807, 261.6612, 7329.0303, 0.4407, 268.4284, 184.0425, 325.2588, 313.0057
34, 3448, 328.0083, 233.8342, 7255.3770, 355.7029, 261.5287, 7255.3770, 0.4407, 313.5834, 183.5249, 370.1277, 311.8380
34, 3430, 139.3276, 255.6546, 3001.4265, 166.8516, 283.1785, 3001.4265, 0.4407, 134.9053, 228.1526, 171.2739, 310.6805
35, 3456, 277.4521, 234.2915, 7326.6577, 305.9495, 262.7889, 7326.6577, 0.4407, 263.2903, 184.0690, 320.1114, 313.0115
35, 3430, 130.2781, 253.1744, 4237.4717, 157.8021, 280.6984, 4237.4717, 0.4407, 122.4336, 217.9065, 165.6467, 315.9663
36, 3430, 121.8966, 258.7048, 4381.4546, 149.4206, 286.2288, 4381.4546, 0.4407, 113.6881, 222.6108, 157.6292, 322.3228
37, 3430, 121.8684, 255.5786, 6045.7422, 149.3924, 283.1025, 6045.7422, 0.4407, 109.8223, 210.7762, 161.4385, 327.9049
38, 3459, 60.5511, 228.2439, 1820.7670, 86.8252, 254.5181, 1820.7670, 0.4407, 59.5251, 209.2415, 87.8511, 273.5205
38, 3430, 115.7534, 253.9110, 6195.5459, 143.2774, 281.4350, 6195.5459, 0.4407, 103.3895, 208.3875, 155.6413, 326.9585
39, 3459, 57.8583, 226.4709, 2138.9487, 86.3558, 254.9683, 2138.9487, 0.4407, 56.7563, 205.8849, 87.4578, 275.5542
39, 3430, 107.2936, 254.3178, 6171.8896, 134.8176, 281.8418, 6171.8896, 0.4407, 94.9796, 208.9075, 147.1315, 327.2520
40, 3459, 52.8451, 225.5303, 2169.2463, 81.3690, 254.0542, 2169.2463, 0.4407, 51.6480, 204.7118, 82.5662, 274.8727
40, 3430, 105.9805, 254.2186, 6150.7666, 133.5045, 281.7425, 6150.7666, 0.4407, 93.7112, 208.9097, 145.7738, 327.0515
41, 3461, 275.4487, 236.9149, 7341.1143, 301.7228, 263.1891, 7341.1143, 0.4407, 260.1472, 185.5170, 317.0243, 314.5870
41, 3459, 48.3376, 226.0124, 2536.5286, 76.5224, 254.1973, 2536.5286, 0.4407, 45.7134, 202.1707, 79.1466, 278.0390
41, 3430, 100.9083, 253.0388, 7273.9004, 128.4323, 280.5627, 7273.9004, 0.4407, 86.3620, 202.5624, 142.9785, 331.0391
42, 3461, 275.5993, 233.5578, 7341.1143, 304.0967, 262.0552, 7341.1143, 0.4407, 261.4095, 183.2715, 318.2866, 312.3415
42, 3459, 47.3626, 226.0383, 2197.2944, 75.2885, 253.9642, 2197.2944, 0.4407, 45.7668, 204.6947, 76.8842, 275.3077
42, 3430, 99.3760, 252.7082, 7378.4546, 126.9000, 280.2322, 7378.4546, 0.4407, 84.6271, 201.7717, 141.6490, 331.1687
43, 3461, 275.0587, 234.4828, 7341.1143, 303.5826, 263.0067, 7341.1143, 0.4407, 260.8821, 184.2097, 317.7591, 313.2797
43, 3459, 43.4555, 226.1164, 2155.9817, 71.2208, 253.8818, 2155.9817, 0.4407, 41.9264, 205.0261, 72.7499, 274.9721
43, 3430, 93.1750, 252.7888, 7364.2593, 120.6990, 280.3128, 7364.2593, 0.4407, 78.4536, 201.9145, 135.4205, 331.1872
44, 3461, 275.3756, 234.3901, 7341.1143, 303.5605, 262.5749, 7341.1143, 0.4407, 261.0295, 183.9475, 317.9065, 313.0175
44, 3459, 42.6540, 222.1093, 2526.2280, 70.3229, 249.7782, 2526.2280, 0.4407, 39.8058, 198.0867, 73.1711, 273.8008
44, 3430, 82.8225, 250.3529, 8707.4502, 110.3465, 277.8769, 8707.4502, 0.4407, 65.6121, 193.8310, 127.5569, 334.3989
45, 3461, 275.4684, 228.0100, 7341.1143, 303.3942, 255.9359, 7341.1143, 0.4407, 260.9928, 177.4380, 317.8698, 306.5080
45, 3459, 38.9289, 221.0445, 2563.7629, 66.5399, 248.6555, 2563.7629, 0.4407, 35.9283, 196.7127, 69.5406, 272.9873
45, 3430, 80.9883, 257.9247, 8830.8477, 108.5123, 285.4486, 8830.8477, 0.4407, 63.5592, 200.9066, 125.9415, 342.4667
46, 3461, 275.5576, 226.3015, 7341.1143, 303.3229, 254.0669, 7341.1143, 0.4407, 261.0018, 175.6492, 317.8788, 304.7192
46, 3459, 33.6424, 221.3287, 2560.6526, 61.2186, 248.9049, 2560.6526, 0.4407, 30.6346, 197.0027, 64.2264, 273.2310
46, 3430, 75.1309, 261.8929, 7456.2827, 102.6549, 289.4169, 7456.2827, 0.4407, 60.2320, 210.6161, 117.5539, 340.6936
47, 3466, 321.7999, 264.2523, 1830.3137, 348.0741, 290.5265, 1830.3137, 0.4407, 320.7369, 245.1659, 349.1371, 309.6130
47, 3461, 275.6036, 226.7861, 7341.1143, 303.2725, 254.4550, 7341.1143, 0.4407, 260.9996, 176.0856, 317.8766, 305.1556
47, 3430, 64.0114, 260.1494, 8667.0107, 91.5354, 287.6734, 8667.0107, 0.4407, 46.8730, 203.7909, 108.6739, 344.0318
48, 3461, 275.6331, 226.7086, 7341.1143, 303.2441, 254.3196, 7341.1143, 0.4407, 261.0001, 175.9791, 317.8771, 305.0491
48, 3430, 50.3460, 252.5030, 14197.2695, 77.8700, 280.0270, 14197.2695, 0.4407, 24.5593, 176.5195, 103.6567, 356.0105
49, 3461, 273.7367, 230.0887, 8697.8633, 301.3129, 257.6649, 8697.8633, 0.4407, 256.5695, 173.6313, 318.4800, 314.1223
49, 3430, 39.5222, 269.0773, 10933.7070, 67.0462, 296.6013, 10933.7070, 0.4407, 18.5774, 204.0815, 87.9909, 361.5971
50, 3461, 273.2311, 230.9925, 8827.3389, 300.7865, 258.5479, 8827.3389, 0.4407, 255.8239, 174.0040, 318.1937, 315.5364
58, 3469, 291.1918, 234.2201, 7314.6284, 317.4659, 260.4943, 7314.6284, 0.4407, 275.9416, 182.9389, 332.7161, 311.7755
59, 3469, 286.5331, 234.8519, 7309.4277, 315.0305, 263.3493, 7309.4277, 0.4407, 272.4047, 184.7052, 329.1589, 313.4961
60, 3469, 289.8228, 230.8639, 8683.2822, 318.3466, 259.3878, 8683.2822, 0.4407, 273.1554, 174.9394, 335.0140, 315.3124
61, 3469, 292.5248, 230.3696, 8821.7803, 320.7097, 258.5544, 8821.7803, 0.4407, 275.4421, 173.7182, 337.7924, 315.2058
62, 3469, 292.0230, 230.6646, 8809.8506, 319.9489, 258.5905, 8809.8506, 0.4407, 274.8318, 173.9317, 337.1400, 315.3233
64, 3472, 243.2419, 233.3629, 1534.0000, 269.5161, 259.6371, 1534.0000, 0.4407, 243.3790, 217.0000, 269.3790, 276.0000
65, 3472, 241.5693, 228.9164, 1534.0000, 270.0667, 257.4138, 1534.0000, 0.4407, 242.8180, 213.6651, 268.8180, 272.6650
66, 3472, 241.7905, 228.0466, 1534.0000, 270.3143, 256.5705, 1534.0000, 0.4407, 243.0524, 212.8085, 269.0524, 271.8085
73, 3475, 331.7472, 248.9950, 6130.9160, 356.3689, 273.6167, 6130.9160, 0.4407, 318.0688, 202.3301, 370.0472, 320.2815
74, 3476, 301.5315, 231.8522, 8660.1396, 328.4370, 258.7577, 8660.1396, 0.4407, 284.0960, 175.2123, 345.8725, 315.3975
74, 3475, 337.3569, 246.2646, 6125.4854, 363.8712, 272.7789, 6125.4854, 0.4407, 324.6364, 200.5722, 376.5917, 318.4713
75, 3476, 301.5143, 230.7842, 8801.9365, 328.7704, 258.0403, 8801.9365, 0.4407, 284.0022, 173.7483, 346.2824, 315.0762
75, 3475, 337.5248, 244.5343, 7263.4619, 364.6573, 271.6668, 7263.4619, 0.4407, 322.8032, 193.9082, 379.3790, 322.2929
76, 3476, 301.3994, 230.9380, 8801.0967, 328.8044, 258.3430, 8801.0967, 0.4407, 283.9633, 173.9800, 346.2406, 315.3010
76, 3475, 336.6132, 243.7314, 7374.6338, 363.9394, 271.0576, 7374.6338, 0.4407, 321.7728, 192.7126, 378.7798, 322.0763
77, 3475, 344.6318, 245.8906, 6230.4229, 372.0410, 273.2999, 6230.4229, 0.4407, 332.1372, 200.1427, 384.5355, 319.0477
83, 3483, 325.3414, 211.0685, 1814.6301, 351.6156, 237.3427, 1814.6301, 0.4407, 324.3394, 192.1203, 352.6176, 256.2909
83, 3481, 229.9578, 237.7419, 1534.0000, 256.2320, 264.0161, 1534.0000, 0.4407, 230.0949, 221.3790, 256.0949, 280.3790
84, 3481, 226.8510, 239.4042, 1534.0000, 255.3484, 267.9016, 1534.0000, 0.4407, 228.0997, 224.1529, 254.0997, 283.1529
85, 3481, 224.7318, 237.7131, 1803.4988, 253.2557, 266.2370, 1803.4988, 0.4407, 224.8981, 219.9884, 253.0895, 283.9616
86, 3481, 225.1130, 240.1262, 1829.2106, 253.2978, 268.3110, 1829.2106, 0.4407, 225.0095, 222.0047, 253.4012, 286.4324
87, 3486, 174.7967, 241.5751, 1840.5190, 201.0709, 267.8493, 1840.5190, 0.4407, 173.6941, 222.3990, 202.1734, 287.0255
87, 3484, 311.9093, 240.8837, 8820.8213, 338.1834, 267.1579, 8820.8213, 0.4407, 293.8728, 183.2812, 356.2199, 324.7605
87, 3481, 223.7601, 240.4649, 2144.2249, 251.6859, 268.3907, 2144.2249, 0.4407, 222.3533, 219.5503, 253.0927, 289.3053
88, 3484, 310.8918, 232.2847, 8799.2393, 339.3893, 260.7821, 8799.2393, 0.4407, 294.0051, 175.8804, 356.2759, 317.1864
88, 3481, 222.2979, 243.7111, 1583.8647, 250.0632, 271.4764, 1583.8647, 0.4407, 222.9709, 227.6181, 249.3901, 287.5694
89, 3484, 310.8392, 229.7750, 8790.0449, 339.3631, 258.2990, 8790.0449, 0.4407, 293.9820, 173.4210, 356.2204, 314.6530
90, 3484, 311.0198, 230.6423, 8786.6357, 339.2046, 258.8272, 8786.6357, 0.4407, 293.9991, 174.1325, 356.2253, 315.3370
91, 3484, 310.5946, 233.8360, 7428.6963, 338.5205, 261.7619, 7428.6963, 0.4407, 295.9496, 182.8809, 353.1656, 312.7170
92, 3484, 310.5268, 234.8319, 7298.8174, 338.2921, 262.5972, 7298.8174, 0.4407, 296.0528, 184.3663, 352.7661, 313.0629
96, 3484, 318.4864, 219.9391, 8826.9619, 346.6077, 248.0605, 8826.9619, 0.4407, 301.3627, 163.2354, 363.7314, 304.7643
97, 3490, 158.6552, 228.6717, 2510.3613, 183.2768, 253.2934, 2510.3613, 0.4407, 154.3358, 203.2444, 187.5961, 278.7206
97, 3484, 320.5328, 220.7755, 8811.7529, 348.4698, 248.7126, 8811.7529, 0.4407, 303.3438, 164.0407, 365.6588, 305.4474
98, 3491, 377.1411, 230.1945, 6103.7778, 404.0466, 257.1000, 6103.7778, 0.4407, 364.6623, 184.8022, 416.5254, 302.4924
98, 3490, 152.4701, 226.4712, 2575.7449, 178.9843, 252.9854, 2575.7449, 0.4407, 148.8819, 201.5019, 182.5725, 277.9547
98, 3484, 320.1081, 220.6532, 8796.0713, 347.9178, 248.4629, 8796.0713, 0.4407, 302.8831, 163.9177, 365.1427, 305.1983
99, 3491, 377.0435, 233.2120, 5239.5244, 404.2997, 260.4681, 5239.5244, 0.4407, 366.6459, 192.3200, 414.6973, 301.3601
99, 3484, 319.7291, 218.2362, 7432.2109, 347.4347, 245.9418, 7432.2109, 0.4407, 304.9672, 167.1555, 362.1966, 297.0225
100, 3492, 205.0211, 227.6210, 2570.8389, 229.6428, 252.2426, 2570.8389, 0.4407, 200.5027, 201.7419, 234.1613, 278.1217
100, 3491, 377.7519, 237.5933, 6043.4512, 405.1569, 264.9984, 6043.4512, 0.4407, 365.6513, 192.7424, 417.2575, 309.8493
100, 3484, 320.1380, 220.0973, 8656.7969, 347.7727, 247.7319, 8656.7969, 0.4407, 303.0731, 163.8357, 364.8376, 303.9936
101, 3492, 202.1601, 226.5686, 3046.3806, 228.6743, 253.0828, 3046.3806, 0.4407, 197.0973, 198.2536, 233.7371, 281.3978
101, 3491, 378.4023, 238.4411, 6142.6748, 405.8652, 265.9041, 6142.6748, 0.4407, 366.1197, 193.1405, 418.1479, 311.2048
101, 3484, 320.3524, 220.9657, 8800.8496, 347.9430, 248.5563, 8800.8496, 0.4407, 303.0095, 164.1014, 365.2859, 305.4205
102, 3492, 196.8696, 222.0060, 3086.8049, 224.0022, 249.1386, 3086.8049, 0.4407, 191.9948, 193.7254, 228.8770, 277.4192
102, 3491, 378.2228, 238.2133, 6144.9893, 405.7119, 265.7024, 6144.9893, 0.4407, 365.9483, 192.9146, 417.9864, 311.0011
102, 3490, 141.3153, 221.1103, 2606.8213, 169.2411, 249.0362, 2606.8213, 0.4407, 138.3315, 196.6171, 172.2249, 273.5294
102, 3484, 320.3188, 220.7725, 8800.7422, 347.8828, 248.3365, 8800.7422, 0.4407, 302.9627, 163.8955, 365.2389, 305.2136
103, 3492, 195.4601, 224.9527, 3078.8420, 222.7863, 252.2789, 3078.8420, 0.4407, 190.7059, 196.8230, 227.5405, 280.4086
103, 3491, 378.2563, 238.2587, 6140.1948, 405.7596, 265.7619, 6140.1948, 0.4407, 365.9991, 192.9901, 418.0168, 311.0305
104, 3493, 274.2772, 233.3950, 1843.3522, 300.5514, 259.6691, 1843.3522, 0.4407, 273.1637, 214.1939, 301.6649, 278.8702
104, 3491, 371.6675, 238.2417, 6137.6035, 399.1790, 265.7533, 6137.6035, 0.4407, 359.4199, 192.9898, 411.4267, 311.0052
106, 3490, 118.0393, 225.5496, 3073.7839, 146.2566, 253.7669, 3073.7839, 0.4407, 113.7458, 197.8998, 150.5501, 281.4166
107, 3490, 115.9454, 225.7354, 3070.2520, 143.9405, 253.7305, 3070.2520, 0.4407, 111.5513, 197.9986, 148.3346, 281.4673
108, 3493, 261.2047, 235.1634, 2132.7358, 290.1116, 264.0704, 2132.7358, 0.4407, 260.3297, 214.8329, 290.9866, 284.4008
108, 3491, 361.5688, 237.9731, 6136.0049, 389.6227, 266.0271, 6136.0049, 0.4407, 349.5957, 193.0001, 401.5957, 311.0002
108, 3490, 110.5004, 228.8064, 3597.7249, 138.3451, 256.6511, 3597.7249, 0.4407, 104.5139, 197.5513, 144.3316, 287.9062
108, 3484, 310.1213, 226.4864, 7286.6855, 338.9102, 255.2753, 7286.6855, 0.4407, 296.1827, 176.5858, 352.8488, 305.1758
109, 3493, 250.7501, 235.5153, 2535.4597, 279.1619, 263.9272, 2535.4597, 0.4407, 248.2429, 211.7951, 281.6691, 287.6474
109, 3491, 355.5703, 238.0518, 6135.9995, 383.4666, 265.9482, 6135.9995, 0.4407, 343.5184, 193.0000, 395.5184, 311.0000
109, 3490, 98.9251, 229.6819, 3647.6321, 126.6518, 257.4085, 3647.6321, 0.4407, 92.7420, 198.0555, 132.8349, 289.0349
109, 3484, 310.2393, 226.2681, 7297.7759, 338.5988, 254.6275, 7297.7759, 0.4407, 296.0645, 176.1038, 352.7736, 304.7917
110, 3493, 251.1528, 237.4608, 3052.8071, 279.2494, 265.5575, 3052.8071, 0.4407, 246.8619, 209.8932, 283.5403, 293.1250
110, 3491, 354.0914, 235.2587, 7268.5322, 381.8764, 263.0438, 7268.5322, 0.4407, 339.6861, 184.9366, 396.2817, 313.3658
110, 3490, 91.8086, 229.5216, 3641.3787, 119.4559, 257.1689, 3641.3787, 0.4407, 85.6030, 197.8945, 125.6615, 288.7960
110, 3484, 310.4089, 226.5222, 7322.2236, 338.4778, 254.5911, 7322.2236, 0.4407, 296.0414, 176.1049, 352.8453, 305.0084
111, 3491, 354.3001, 233.5564, 5369.1772, 381.9909, 261.2472, 5369.1772, 0.4407, 343.8244, 192.2113, 392.4667, 302.5923
111, 3490, 91.0467, 234.5261, 3635.1741, 118.6448, 262.1243, 3635.1741, 0.4407, 84.8336, 202.9131, 124.8579, 293.7372
111, 3484, 310.5063, 226.5987, 7334.0635, 338.3683, 254.4607, 7334.0635, 0.4407, 296.0124, 176.0258, 352.8622, 305.0336
112, 3490, 85.5004, 235.8587, 3632.3777, 113.0690, 263.4272, 3632.3777, 0.4407, 79.2802, 204.2484, 119.2892, 295.0375
112, 3484, 310.5745, 226.6720, 7338.6470, 338.3031, 254.4006, 7338.6470, 0.4407, 296.0050, 176.0123, 352.8726, 305.0604
113, 3490, 80.5639, 233.3871, 4320.5098, 108.1146, 260.9378, 4320.5098, 0.4407, 72.5221, 197.6544, 116.1564, 296.6706
113, 3484, 310.6149, 226.7112, 7340.2769, 338.2619, 254.3582, 7340.2769, 0.4407, 296.0015, 176.0034, 352.8754, 305.0659
114, 3490, 75.1253, 232.8887, 4385.9082, 102.6654, 260.4287, 4385.9082, 0.4407, 66.9137, 196.7773, 110.8770, 296.5401
114, 3484, 311.1915, 221.8544, 8697.5840, 338.7893, 249.4522, 8697.5840, 0.4407, 294.0356, 165.4090, 355.9451, 305.8976
115, 3491, 354.3955, 234.7141, 7384.2896, 382.4981, 262.8166, 7384.2896, 0.4407, 339.9247, 184.0412, 396.9690, 313.4895
115, 3490, 73.9840, 230.7486, 6043.0171, 101.5176, 258.2822, 6043.0171, 0.4407, 61.9485, 185.9641, 113.5531, 303.0666
115, 3484, 311.3550, 220.5527, 8827.2471, 338.9233, 248.1210, 8827.2471, 0.4407, 293.9544, 163.5711, 356.3239, 305.1026
116, 3491, 354.1128, 230.7828, 6234.2847, 382.0385, 258.7086, 6234.2847, 0.4407, 341.8683, 185.2748, 394.2829, 304.2166
116, 3490, 68.4990, 232.8544, 5318.9834, 96.0288, 260.3842, 5318.9834, 0.4407, 58.0567, 191.6875, 106.4711, 301.5510
116, 3484, 310.7757, 232.3392, 7455.0356, 338.3264, 259.8898, 7455.0356, 0.4407, 295.8925, 181.0811, 353.2095, 311.1479
117, 3491, 354.4404, 233.6421, 7243.6250, 382.2432, 261.4449, 7243.6250, 0.4407, 340.0926, 183.4388, 396.5909, 311.6483
117, 3490, 59.5088, 231.0071, 6087.7109, 87.0362, 258.5346, 6087.7109, 0.4407, 47.3750, 186.0035, 99.1700, 303.5382
117, 3484, 310.6411, 228.7807, 7309.8408, 338.1811, 256.3206, 7309.8408, 0.4407, 296.0331, 178.1536, 352.7891, 306.9478
118, 3491, 354.6115, 234.9272, 7357.9346, 382.3130, 262.6287, 7357.9346, 0.4407, 339.9911, 184.1693, 396.9334, 313.3866
118, 3490, 51.3518, 230.0490, 6160.5269, 78.8779, 257.5750, 6160.5269, 0.4407, 39.0629, 184.6942, 91.1668, 302.9297
118, 3484, 311.2303, 221.3948, 8675.0068, 338.7639, 248.9283, 8675.0068, 0.4407, 294.0824, 165.0086, 355.9117, 305.3145
119, 3493, 239.9921, 242.4373, 3039.5393, 268.7195, 271.1648, 3039.5393, 0.4407, 236.0564, 215.2758, 272.6552, 298.3262
119, 3491, 354.2563, 237.5073, 6223.0781, 381.8884, 265.1395, 6223.0781, 0.4407, 341.8886, 191.9059, 394.2560, 310.7409
119, 3490, 49.9654, 236.8580, 6151.4521, 77.4907, 264.3833, 6151.4521, 0.4407, 37.6953, 191.5464, 89.7608, 309.6949
119, 3484, 311.2991, 221.1891, 10434.5586, 338.8289, 248.7189, 10434.5586, 0.4407, 291.1588, 158.0149, 358.9692, 311.8931
120, 3493, 238.2767, 246.3842, 3576.5923, 266.5825, 274.6899, 3576.5923, 0.4407, 232.5793, 215.4925, 272.2799, 305.5816
120, 3491, 347.1516, 235.5228, 7239.4268, 374.7407, 263.1119, 7239.4268, 0.4407, 332.7051, 185.2311, 389.1871, 313.4036
120, 3490, 37.1544, 238.5741, 6142.4248, 64.6792, 266.0988, 6142.4248, 0.4407, 24.9032, 193.3056, 76.9304, 311.3673
120, 3484, 303.3712, 225.8808, 7605.7432, 330.8987, 253.4083, 7605.7432, 0.4407, 288.1882, 173.9571, 346.0817, 305.3320
121, 3497, 100.4245, 245.7987, 7218.5884, 126.6987, 272.0728, 7218.5884, 0.4407, 85.3613, 194.9420, 141.7620, 322.9295
121, 3493, 235.7269, 243.7419, 3109.6609, 263.7593, 271.7743, 3109.6609, 0.4407, 231.2338, 215.7567, 268.2523, 299.7595
121, 3490, 23.2027, 242.7046, 7270.8657, 50.7271, 270.2291, 7270.8657, 0.4407, 8.6625, 192.2419, 65.2672, 320.6918
121, 3484, 301.2617, 226.9892, 7290.0791, 328.7878, 254.5152, 7290.0791, 0.4407, 286.6851, 176.4423, 343.3643, 305.0622
122, 3493, 222.7322, 246.3788, 3587.5801, 250.5718, 274.2183, 3587.5801, 0.4407, 216.7712, 215.1848, 256.5328, 305.4122
122, 3484, 294.1102, 230.0561, 8655.8213, 321.6355, 257.5813, 8655.8213, 0.4407, 276.9924, 173.7434, 338.7533, 313.8940
123, 3493, 214.5639, 247.7921, 3640.0713, 242.2790, 275.5071, 3640.0713, 0.4407, 208.3958, 216.2070, 248.4471, 307.0922
123, 3484, 283.6992, 231.0220, 8808.9131, 311.2239, 258.5467, 8808.9131, 0.4407, 266.3091, 174.0923, 328.6139, 315.4764
124, 3493, 203.7097, 248.5963, 3109.1340, 231.3486, 276.2352, 3109.1340, 0.4407, 199.0215, 220.4179, 236.0369, 304.4136
124, 3484, 274.6215, 230.7866, 8804.9248, 302.1459, 258.3110, 8804.9248, 0.4407, 257.2383, 173.8728, 319.5291, 315.2248
125, 3493, 201.5107, 246.5622, 4272.6709, 229.1037, 274.1551, 4272.6709, 0.4407, 193.6111, 211.1255, 237.0033, 309.5918
125, 3484, 273.0372, 230.8441, 8793.6621, 300.5614, 258.3684, 8793.6621, 0.4407, 255.6738, 173.9756, 317.9248, 315.2369
126, 3493, 194.0931, 247.9506, 5183.1870, 221.6584, 275.5160, 5183.1870, 0.4407, 183.9795, 207.5074, 231.7720, 315.9592
126, 3484, 273.4237, 230.8302, 8788.1426, 300.9478, 258.3543, 8788.1426, 0.4407, 256.0700, 173.9838, 318.3015, 315.2007
127, 3493, 186.8144, 240.2157, 6124.9204, 214.3632, 267.7645, 6124.9204, 0.4407, 174.6122, 195.0435, 226.5654, 312.9367
127, 3484, 273.3295, 230.8336, 8785.9980, 300.8535, 258.3577, 8785.9980, 0.4407, 255.9795, 173.9959, 318.2035, 315.1954
128, 3493, 186.0869, 244.3199, 6187.7368, 213.6258, 271.8588, 6187.7368, 0.4407, 173.7469, 198.8412, 225.9658, 317.3375
128, 3484, 273.3525, 230.8328, 8785.2344, 300.8765, 258.3569, 8785.2344, 0.4407, 256.0038, 173.9982, 318.2252, 315.1915
129, 3493, 178.9624, 242.2575, 8652.3857, 206.4953, 269.7905, 8652.3857, 0.4407, 161.8543, 185.9630, 223.6033, 326.0850
129, 3484, 273.3469, 230.8330, 8784.9727, 300.8709, 258.3571, 8784.9727, 0.4407, 255.9987, 173.9995, 318.2191, 315.1906
130, 3493, 175.2332, 241.8008, 10490.5928, 202.7625, 269.3302, 10490.5928, 0.4407, 155.0016, 178.4204, 222.9942, 332.7106
130, 3484, 269.9873, 223.1117, 10401.9092, 297.5113, 250.6357, 10401.9092, 0.4407, 249.8970, 160.0555, 317.6017, 313.6920
131, 3493, 175.2624, 242.5912, 10609.5352, 202.7896, 270.1184, 10609.5352, 0.4407, 154.8375, 178.7736, 223.2145, 333.9360
131, 3484, 269.0807, 221.0297, 10556.1943, 296.6047, 248.5537, 10556.1943, 0.4407, 248.7403, 157.4059, 316.9452, 312.1776
132, 3493, 175.2562, 242.3993, 10559.6191, 202.7821, 269.9252, 10559.6191, 0.4407, 154.9112, 178.7638, 223.1271, 333.5607
132, 3484, 264.4443, 221.0404, 8920.6582, 291.9683, 248.5644, 8920.6582, 0.4407, 246.8568, 163.6637, 309.5558, 305.9411
133, 3484, 263.0806, 229.0009, 8747.5820, 290.6046, 256.5249, 8747.5820, 0.4407, 245.7986, 172.3177, 307.8865, 313.2081
134, 3484, 271.6317, 231.2799, 8757.6045, 299.1557, 258.8039, 8757.6045, 0.4407, 254.3320, 174.5564, 316.4554, 315.5274
135, 3484, 270.4057, 223.0027, 10390.1816, 297.9297, 250.5267, 10390.1816, 0.4407, 250.3345, 159.9899, 318.0010, 313.5396
136, 3484, 264.1212, 228.7776, 8934.8213, 291.6451, 256.3015, 8934.8213, 0.4407, 246.5087, 171.3444, 309.2576, 313.7347
137, 3500, 202.8629, 228.8373, 1534.0000, 229.1371, 255.1115, 1534.0000, 0.4407, 203.0000, 212.4744, 229.0000, 271.4744
137, 3484, 263.1594, 223.1159, 8764.8271, 290.6834, 250.6399, 8764.8271, 0.4407, 245.8469, 166.3633, 307.9959, 307.3925
138, 3500, 201.7513, 228.5037, 1534.0000, 230.2487, 257.0011, 1534.0000, 0.4407, 203.0000, 213.2524, 229.0000, 272.2524
139, 3500, 198.4423, 228.1654, 1534.0000, 226.9662, 256.6893, 1534.0000, 0.4407, 199.7043, 212.9273, 225.7043, 271.9273
140, 3500, 197.7312, 228.4258, 1534.0000, 225.9160, 256.6106, 1534.0000, 0.4407, 198.8236, 213.0182, 224.8236, 272.0182
141, 3500, 194.7928, 228.5326, 1534.0000, 222.7186, 256.4585, 1534.0000, 0.4407, 195.7557, 212.9955, 221.7557, 271.9955
141, 3484, 259.7526, 220.3353, 12452.5098, 287.8099, 248.3926, 12452.5098, 0.4407, 236.7421, 150.3143, 310.8204, 318.4136
142, 3500, 194.8888, 228.3221, 1803.4905, 222.6541, 256.0875, 1803.4905, 0.4407, 194.6758, 210.2183, 222.8672, 274.1913
142, 3484, 262.7258, 228.7997, 9101.4541, 290.6241, 256.6980, 9101.4541, 0.4407, 245.0093, 170.8929, 308.3406, 314.6047
143, 3502, 311.3015, 235.3979, 7341.1143, 337.5756, 261.6721, 7341.1143, 0.4407, 296.0000, 184.0000, 352.8770, 313.0700
143, 3500, 191.3148, 228.2891, 1829.2083, 218.9837, 255.9580, 1829.2083, 0.4407, 190.9534, 209.9098, 219.3451, 274.3374
143, 3484, 259.9626, 223.4356, 10342.9531, 287.7488, 251.2219, 10342.9531, 0.4407, 240.0994, 160.7285, 307.6120, 313.9289
144, 3502, 310.1898, 234.2863, 7341.1143, 338.6873, 262.7837, 7341.1143, 0.4407, 296.0000, 184.0000, 352.8770, 313.0700
144, 3500, 189.9830, 228.6342, 1556.6342, 217.5939, 256.2451, 1556.6342, 0.4407, 190.6929, 212.7228, 216.8840, 272.1566
144, 3484, 259.8927, 220.0805, 12402.3281, 287.5842, 247.7721, 12402.3281, 0.4407, 236.7740, 150.0462, 310.7029, 317.8064
145, 3502, 310.1765, 241.6884, 7341.1143, 338.7004, 270.2123, 7341.1143, 0.4407, 296.0000, 191.4154, 352.8770, 320.4854
145, 3500, 189.7897, 226.6716, 2115.3799, 217.3659, 254.2478, 2115.3799, 0.4407, 188.3118, 205.8176, 218.8438, 275.1018
146, 3502, 310.3461, 243.8395, 7341.1143, 338.5309, 272.0243, 7341.1143, 0.4407, 296.0000, 193.3969, 352.8770, 322.4669
146, 3500, 189.6082, 226.1096, 2173.1248, 217.1635, 253.6649, 2173.1248, 0.4407, 187.9129, 204.7755, 218.8588, 274.9990
147, 3502, 310.4756, 243.4750, 7341.1143, 338.4015, 271.4009, 7341.1143, 0.4407, 296.0000, 192.9030, 352.8770, 321.9730
147, 3500, 190.2690, 228.0142, 1850.8942, 217.8118, 255.5570, 1850.8942, 0.4407, 189.7607, 209.3814, 218.3202, 274.1898
148, 3502, 309.3136, 251.2555, 4543.4814, 337.0789, 279.0208, 4543.4814, 0.4407, 300.8234, 214.3682, 345.5692, 315.9082
148, 3500, 188.4619, 230.8621, 2503.9819, 215.9971, 258.3973, 2503.9819, 0.4407, 185.6205, 206.9397, 218.8386, 282.3197
149, 3502, 310.8210, 243.3224, 8430.8818, 338.4899, 270.9912, 8430.8818, 0.4407, 294.1789, 187.9979, 355.1319, 326.3157
150, 3506, 264.7495, 230.2234, 8885.2500, 291.0237, 256.4976, 8885.2500, 0.4407, 246.5994, 172.3631, 309.1739, 314.3580
150, 3502, 313.7905, 244.6067, 6370.0898, 341.4015, 272.2177, 6370.0898, 0.4407, 301.1048, 198.2971, 354.0872, 318.5273
151, 3506, 267.4161, 223.1062, 10350.6738, 295.9135, 251.6036, 10350.6738, 0.4407, 247.8960, 160.7260, 315.4337, 313.9838
151, 3502, 311.3834, 244.5734, 7249.9683, 338.9597, 272.1496, 7249.9683, 0.4407, 296.9100, 194.2287, 353.4331, 322.4942
152, 3506, 269.1488, 220.3177, 10523.8379, 297.6727, 248.8416, 10523.8379, 0.4407, 249.3606, 157.3125, 317.4609, 311.8469
152, 3502, 315.6888, 262.8934, 2854.2686, 343.2442, 290.4487, 2854.2686, 0.4407, 311.7338, 236.4309, 347.1992, 316.9112
152, 3500, 189.0883, 226.9291, 2526.9758, 217.1486, 254.9893, 2526.9758, 0.4407, 186.4333, 203.0966, 219.8036, 278.8219
153, 3507, 157.6227, 225.7834, 2596.7690, 183.8968, 252.0575, 2596.7690, 0.4407, 153.8457, 200.5386, 187.6738, 277.3023
153, 3506, 268.8304, 221.2630, 10524.2217, 297.0152, 249.4478, 10524.2217, 0.4407, 248.8720, 158.0867, 316.9735, 312.6240
153, 3500, 184.6982, 225.6053, 3047.1782, 212.5984, 253.5054, 3047.1782, 0.4407, 180.3260, 197.9779, 216.9706, 281.1328
154, 3507, 152.5519, 224.1308, 3555.8613, 181.0493, 252.6282, 3555.8613, 0.4407, 147.0080, 193.4656, 186.5932, 283.2935
154, 3506, 264.2238, 228.9205, 8896.9619, 292.1497, 256.8463, 8896.9619, 0.4407, 246.8789, 171.8392, 309.4946, 313.9276
154, 3500, 184.4254, 225.8647, 3089.8562, 212.2127, 253.6520, 3089.8562, 0.4407, 179.8689, 197.8908, 216.7693, 281.6259
155, 3507, 150.4974, 229.1639, 2642.7444, 179.0213, 257.6878, 2642.7444, 0.4407, 147.6963, 204.7057, 181.8225, 282.1460
155, 3506, 265.7001, 234.3680, 7380.6411, 293.4655, 262.1333, 7380.6411, 0.4407, 251.0676, 183.5428, 308.0981, 312.9584
155, 3500, 188.6640, 230.7935, 3080.3547, 216.3562, 258.4857, 3080.3547, 0.4407, 184.0882, 202.8365, 220.9319, 286.4426
156, 3506, 264.0773, 231.5319, 8624.3438, 291.7462, 259.2007, 8624.3438, 0.4407, 247.0873, 175.4188, 308.7361, 315.3138
156, 3500, 185.6754, 232.1680, 3072.9238, 213.3020, 259.7946, 3072.9238, 0.4407, 181.0891, 204.2287, 217.8883, 287.7338
157, 3506, 263.1089, 230.6014, 8787.3604, 290.7199, 258.2123, 8787.3604, 0.4407, 245.8001, 173.8015, 308.0288, 315.0122
157, 3500, 187.1079, 235.4331, 2586.7727, 214.6937, 263.0188, 2586.7727, 0.4407, 184.0193, 210.9181, 217.7823, 287.5338
158, 3506, 263.3696, 230.8528, 8795.7988, 290.9458, 258.4290, 8795.7988, 0.4407, 246.0284, 174.0017, 308.2870, 315.2801
158, 3500, 185.4208, 232.9164, 3022.4070, 212.9819, 260.4774, 3022.4070, 0.4407, 180.9536, 205.2889, 217.4491, 288.1049
159, 3506, 268.1782, 231.3034, 10407.3184, 295.7336, 258.8587, 10407.3184, 0.4407, 248.0948, 168.2428, 315.8170, 321.9193
160, 3506, 269.5088, 231.4576, 10558.3086, 297.0516, 259.0004, 10558.3086, 0.4407, 249.1743, 167.8354, 317.3861, 322.6227
164, 3506, 263.1416, 230.5702, 8762.9990, 291.2039, 258.6324, 8762.9990, 0.4407, 246.1015, 174.0941, 308.2440, 315.1086
165, 3506, 268.0071, 231.1406, 10393.1660, 295.9084, 259.0419, 10393.1660, 0.4407, 248.1196, 168.3053, 315.7959, 321.8772
166, 3506, 269.3901, 231.3329, 10553.0020, 297.1782, 259.1210, 10553.0020, 0.4407, 249.1868, 167.8528, 317.3814, 322.6011
167, 3506, 272.4708, 230.8498, 8919.5508, 300.1634, 258.5424, 8919.5508, 0.4407, 254.9695, 173.5618, 317.6646, 315.8304
168, 3506, 270.1292, 231.2541, 10364.2334, 297.7560, 258.8810, 10364.2334, 0.4407, 250.1516, 168.3885, 317.7336, 321.7465
169, 3512, 108.9810, 227.5600, 7270.7915, 135.2552, 253.8342, 7270.7915, 0.4407, 93.8159, 176.4725, 150.4203, 304.9218
169, 3506, 269.0026, 231.4394, 10528.8193, 296.5885, 259.0253, 10528.8193, 0.4407, 248.7374, 167.9469, 316.8538, 322.5178
170, 3512, 100.8400, 218.7048, 7377.2607, 129.3375, 247.2022, 7377.2607, 0.4407, 86.5802, 168.2602, 143.5973, 297.6469
170, 3506, 269.2948, 231.4115, 10525.9531, 296.8560, 258.9727, 10525.9531, 0.4407, 249.0218, 167.9171, 317.1290, 322.4671
171, 3514, 179.2600, 234.2663, 5300.7871, 203.8817, 258.8879, 5300.7871, 0.4407, 167.4051, 191.7394, 215.7366, 301.4148
171, 3506, 269.2340, 231.4288, 10514.5713, 296.7803, 258.9751, 10514.5713, 0.4407, 248.9720, 167.9688, 317.0423, 322.4351
172, 3514, 178.3345, 231.5920, 6074.8389, 204.8487, 258.1063, 6074.8389, 0.4407, 165.7215, 186.1440, 217.4617, 303.5544
172, 3506, 269.2551, 223.2124, 10508.9238, 296.7925, 250.7498, 10508.9238, 0.4407, 248.9978, 159.7686, 317.0498, 314.1935
173, 3514, 171.9584, 230.2030, 6155.0142, 199.0910, 257.3355, 6155.0142, 0.4407, 159.4844, 184.6779, 211.5649, 302.8606
174, 3514, 169.9580, 230.3942, 6149.4092, 197.2841, 257.7205, 6149.4092, 0.4407, 157.5927, 184.9929, 209.6495, 303.1218
175, 3514, 170.3880, 230.2814, 6141.7119, 197.7972, 257.6906, 6141.7119, 0.4407, 158.0805, 184.9585, 210.1047, 303.0134
176, 3515, 323.1761, 270.5652, 2139.8279, 347.7977, 295.1869, 2139.8279, 0.4407, 320.1329, 248.0344, 350.8408, 317.7177
176, 3506, 273.2515, 222.0970, 8733.6875, 301.3123, 250.1578, 8733.6875, 0.4407, 256.2627, 165.7382, 318.3012, 306.5167
177, 3506, 269.7517, 228.9874, 10369.7617, 297.6522, 256.8878, 10369.7617, 0.4407, 249.9019, 166.2382, 317.5019, 319.6371
178, 3506, 272.3199, 231.3700, 8925.7422, 300.1075, 259.1576, 8925.7422, 0.4407, 254.8552, 174.1048, 317.5721, 316.4228
179, 3506, 273.4835, 222.3659, 8761.4209, 301.1758, 250.0582, 8761.4209, 0.4407, 256.2611, 165.7111, 318.3981, 306.7130
184, 3514, 145.4728, 236.8594, 14183.3379, 174.4673, 265.8539, 14183.3379, 0.4407, 120.4407, 161.6554, 199.4995, 341.0579
185, 3520, 274.7075, 229.2118, 8911.7354, 300.9817, 255.4859, 8911.7354, 0.4407, 256.5109, 171.2455, 319.1783, 313.4523
185, 3514, 145.8832, 242.6003, 12813.5674, 174.3672, 271.0843, 12813.5674, 0.4407, 122.5531, 171.5827, 197.6974, 342.1020
186, 3520, 269.0989, 231.9294, 10382.3604, 297.5964, 260.4268, 10382.3604, 0.4407, 249.5272, 169.4319, 317.1681, 322.9243
191, 3522, 321.0978, 240.6508, 8675.0029, 346.8033, 266.3563, 8675.0029, 0.4407, 303.0359, 183.3507, 364.8652, 323.6564
192, 3522, 326.9262, 244.0375, 7451.2954, 353.4398, 270.5510, 7451.2954, 0.4407, 311.5317, 192.2772, 368.8343, 322.3113
193, 3522, 328.2728, 244.1167, 7317.1377, 355.2292, 271.0731, 7317.1377, 0.4407, 313.3588, 193.1657, 370.1431, 322.0242
194, 3524, 281.7097, 232.8892, 10505.5293, 306.3314, 257.5108, 10505.5293, 0.4407, 260.0000, 168.0000, 328.0410, 322.4000
194, 3522, 327.7652, 243.9236, 7322.2144, 354.9586, 271.1170, 7322.2144, 0.4407, 312.9600, 193.0687, 369.7639, 321.9720
195, 3522, 321.7707, 241.4587, 8689.6426, 349.0978, 268.7859, 8689.6426, 0.4407, 304.4936, 184.9102, 366.3749, 325.3345
196, 3522, 320.0839, 240.7633, 8824.2734, 347.4899, 268.1694, 8824.2734, 0.4407, 302.6074, 183.7126, 364.9664, 325.2201
197, 3527, 195.9366, 230.6630, 2173.1824, 222.8421, 257.5685, 2173.1824, 0.4407, 193.9163, 209.0036, 224.8625, 279.2279
198, 3527, 191.0398, 229.2447, 1849.0125, 218.2960, 256.5009, 1849.0125, 0.4407, 190.3954, 210.4850, 218.9404, 275.2605
199, 3527, 193.8377, 230.6059, 2132.0952, 221.2428, 258.0110, 2132.0952, 0.4407, 192.2141, 209.5298, 222.8664, 279.0872
200, 3527, 190.7990, 231.4374, 2164.0571, 218.2619, 258.9004, 2164.0571, 0.4407, 189.0898, 210.1305, 219.9711, 280.2073
201, 3527, 190.0165, 228.8631, 1845.2499, 217.5056, 256.3522, 1845.2499, 0.4407, 189.5031, 210.2529, 218.0190, 274.9624
202, 3530, 274.2789, 229.4074, 8700.5957, 300.5530, 255.6816, 8700.5957, 0.4407, 256.4558, 172.2880, 318.3761, 312.8010
202, 3527, 190.3755, 228.5700, 1543.1152, 217.8787, 256.0732, 1543.1152, 0.4407, 191.0886, 212.7340, 217.1656, 271.9091
203, 3530, 280.2180, 231.3310, 8828.1455, 308.7154, 259.8284, 8828.1455, 0.4407, 263.2803, 174.8104, 325.6530, 316.3491
204, 3530, 282.3211, 221.8103, 8812.0801, 310.8450, 250.3342, 8812.0801, 0.4407, 265.4250, 165.3675, 327.7411, 306.7770
205, 3530, 281.8991, 220.1326, 8796.1641, 310.0839, 248.3174, 8796.1641, 0.4407, 264.8616, 163.5843, 327.1214, 304.8658
206, 3532, 160.8476, 227.9076, 1783.2177, 187.1218, 254.1817, 1783.2177, 0.4407, 159.9684, 209.2384, 188.0009, 272.8509
206, 3530, 282.1760, 220.7225, 8788.9912, 310.1019, 248.6484, 8788.9912, 0.4407, 265.0217, 164.0736, 327.2562, 305.2974
206, 3527, 186.6759, 224.3143, 1533.0555, 214.7276, 252.3660, 1533.0555, 0.4407, 187.7058, 208.8492, 213.6978, 267.8311
207, 3532, 156.8822, 230.8011, 2135.0537, 185.3796, 259.2985, 2135.0537, 0.4407, 155.7941, 210.2469, 186.4677, 279.8526
207, 3530, 282.2202, 228.9087, 8786.2822, 309.9856, 256.6741, 8786.2822, 0.4407, 264.9904, 172.1905, 327.2154, 313.3923
207, 3527, 185.4024, 229.9406, 2121.3611, 213.2974, 257.8356, 2121.3611, 0.4407, 184.0623, 209.1971, 214.6375, 278.5791
208, 3532, 155.9579, 230.7231, 2169.5139, 184.4818, 259.2470, 2169.5139, 0.4407, 154.7598, 209.9025, 185.6799, 280.0676
208, 3530, 282.2773, 231.2005, 8785.3281, 309.9462, 258.8694, 8785.3281, 0.4407, 265.0009, 174.4379, 327.2225, 315.6320
208, 3527, 188.8383, 231.3830, 2177.5884, 216.6225, 259.1673, 2177.5884, 0.4407, 187.2416, 210.1274, 218.2192, 280.4229
209, 3530, 282.3041, 230.6822, 8785.0039, 309.9150, 258.2932, 8785.0039, 0.4407, 264.9993, 173.8920, 327.2198, 315.0834
209, 3527, 188.3925, 231.1402, 2541.8538, 216.0828, 258.8305, 2541.8538, 0.4407, 185.5034, 207.0114, 218.9718, 282.9593
210, 3530, 282.3220, 230.8331, 8784.8955, 309.8982, 258.4093, 8784.8955, 0.4407, 265.0000, 174.0259, 327.2202, 315.2165
210, 3527, 189.1717, 231.8082, 3053.3757, 216.7972, 259.4337, 3053.3757, 0.4407, 184.6435, 204.0012, 221.3253, 287.2406
211, 3530, 282.3323, 230.8110, 8784.8594, 309.8876, 258.3663, 8784.8594, 0.4407, 264.9999, 173.9935, 327.2200, 315.1837
211, 3527, 188.3660, 231.4121, 2609.2180, 215.9511, 258.9972, 2609.2180, 0.4407, 185.2040, 206.7308, 219.1130, 283.6784
212, 3530, 282.3386, 230.8252, 8784.8477, 309.8814, 258.3680, 8784.8477, 0.4407, 265.0000, 174.0015, 327.2200, 315.1916
212, 3527, 189.2235, 231.7871, 3035.0635, 216.7841, 259.3477, 3035.0635, 0.4407, 184.7179, 204.0727, 221.2897, 287.0621
213, 3530, 290.5608, 230.8270, 8784.8438, 318.0961, 258.3622, 8784.8438, 0.4407, 273.2185, 173.9996, 335.4384, 315.1896
213, 3527, 189.7044, 231.9817, 3078.7180, 217.2504, 259.5277, 3078.7180, 0.4407, 185.0605, 203.9628, 221.8943, 287.5467
214, 3540, 154.6830, 227.5403, 2185.5957, 180.9572, 253.8144, 2185.5957, 0.4407, 152.3029, 205.4650, 183.3374, 275.8897
214, 3527, 188.2697, 231.4034, 2592.4644, 215.8069, 258.9406, 2592.4644, 0.4407, 185.1382, 206.8220, 218.9383, 283.5220
215, 3540, 150.1288, 225.4794, 2522.4048, 178.6263, 253.9769, 2522.4048, 0.4407, 147.7075, 201.8997, 181.0476, 277.5566
215, 3527, 187.9436, 231.2723, 2542.0454, 215.4755, 258.8042, 2542.0454, 0.4407, 184.9747, 207.0630, 218.4444, 283.0136
216, 3540, 151.9852, 225.8458, 2189.0513, 180.5091, 254.3697, 2189.0513, 0.4407, 150.7177, 204.8676, 181.7767, 275.3480
216, 3527, 188.0254, 227.1973, 2545.5557, 215.5541, 254.7260, 2545.5557, 0.4407, 185.0433, 202.9601, 218.5361, 278.9632
217, 3543, 348.6589, 238.2477, 8784.8418, 374.9331, 264.5219, 8784.8418, 0.4407, 330.6860, 180.7898, 392.9060, 321.9798
217, 3540, 150.6990, 230.5811, 3006.4827, 178.8838, 258.7659, 3006.4827, 0.4407, 146.5919, 203.3746, 182.9910, 285.9724
217, 3530, 292.1645, 230.5649, 8784.8418, 320.2247, 258.6251, 8784.8418, 0.4407, 275.0846, 174.0000, 337.3046, 315.1900
218, 3543, 349.4923, 241.8880, 8784.8418, 377.9897, 270.3854, 8784.8418, 0.4407, 332.6310, 185.5417, 394.8510, 326.7317
218, 3540, 150.3221, 232.0105, 3089.4146, 178.2479, 259.9364, 3089.4146, 0.4407, 145.8361, 204.1089, 182.7339, 287.8380
218, 3530, 292.1387, 230.6449, 8784.8418, 320.0388, 258.5451, 8784.8418, 0.4407, 274.9788, 174.0000, 337.1988, 315.1900
219, 3540, 151.8538, 229.8552, 3611.5691, 179.6191, 257.6206, 3611.5691, 0.4407, 145.7894, 198.4736, 185.6836, 289.0023
220, 3540, 150.9022, 231.3816, 3124.5703, 178.5710, 259.0505, 3124.5703, 0.4407, 146.1830, 203.1141, 183.2902, 287.3181
221, 3540, 145.5621, 232.0350, 3064.1047, 173.1730, 259.6459, 3064.1047, 0.4407, 140.9944, 204.1478, 177.7407, 287.5331
222, 3540, 145.6843, 229.9823, 3591.5112, 173.2605, 257.5585, 3591.5112, 0.4407, 139.5807, 198.6319, 179.3641, 288.9088
224, 3530, 289.9019, 229.0282, 10382.7852, 318.7854, 257.9116, 10382.7852, 0.4407, 270.5224, 166.7224, 338.1649, 320.2174
225, 3530, 298.7834, 231.4281, 10548.2598, 327.2001, 259.8448, 10548.2598, 0.4407, 278.9021, 168.2798, 347.0814, 322.9932
226, 3530, 294.1468, 230.5424, 8917.7256, 322.2503, 258.6459, 8917.7256, 0.4407, 276.8542, 173.4671, 339.5429, 315.7211
227, 3530, 291.6566, 230.6538, 8746.5674, 319.5395, 258.5367, 8746.5674, 0.4407, 274.5559, 174.1541, 336.6401, 315.0363
228, 3552, 230.9147, 234.0201, 4262.5850, 255.5364, 258.6418, 4262.5850, 0.4407, 221.5553, 197.1556, 264.8960, 295.5062
228, 3530, 299.6875, 231.2216, 10374.2871, 327.4287, 258.9627, 10374.2871, 0.4407, 279.7507, 168.3760, 347.3655, 321.8083
229, 3554, 340.1162, 231.4801, 8928.1318, 366.3904, 257.7542, 8928.1318, 0.4407, 321.8907, 173.4487, 384.6159, 315.7857
229, 3552, 229.9400, 227.8180, 3204.7136, 256.4542, 254.3322, 3204.7136, 0.4407, 224.4072, 198.4364, 261.9871, 283.7137
229, 3530, 301.6235, 222.6834, 8927.3584, 329.2780, 250.3379, 8927.3584, 0.4407, 284.0895, 165.3452, 346.8121, 307.6760
230, 3530, 301.2257, 220.3266, 8761.9678, 328.8280, 247.9289, 8761.9678, 0.4407, 283.9574, 163.6246, 346.0963, 304.6308
231, 3530, 293.9482, 220.9235, 8764.5576, 321.5191, 248.4945, 8764.5576, 0.4407, 276.6596, 164.1955, 338.8077, 305.2225
232, 3530, 299.3344, 229.0096, 8775.8467, 326.8867, 256.5618, 8775.8467, 0.4407, 282.0165, 172.2268, 344.2046, 313.3445
233, 3557, 112.6727, 234.2582, 5233.0049, 138.9469, 260.5323, 5233.0049, 0.4407, 101.7990, 192.9093, 149.8206, 301.8812
233, 3554, 348.0452, 225.2741, 8623.1250, 376.9521, 254.1810, 8623.1250, 0.4407, 331.6765, 169.7850, 393.3208, 309.6701
233, 3530, 301.8272, 223.0474, 8781.4639, 329.3682, 250.5883, 8781.4639, 0.4407, 284.4937, 166.2364, 346.7017, 307.3994
234, 3557, 112.8290, 230.2801, 6096.9443, 141.3264, 258.7775, 6096.9443, 0.4407, 101.1606, 185.7169, 152.9949, 303.3407
234, 3554, 344.0464, 232.1057, 10393.0830, 372.4582, 260.5175, 10393.0830, 0.4407, 324.4144, 169.5258, 392.0902, 323.0974
234, 3530, 301.1504, 229.0014, 10400.6807, 328.6846, 256.5355, 10400.6807, 0.4407, 281.0671, 165.9548, 348.7679, 319.5821
235, 3561, 234.8982, 236.2777, 5931.2837, 261.1724, 262.5519, 5931.2837, 0.4407, 222.4726, 191.4076, 273.5980, 307.4221
235, 3560, 150.6623, 234.7714, 5120.1572, 176.9365, 261.0455, 5120.1572, 0.4407, 140.0489, 194.0132, 187.5499, 301.8037
235, 3557, 107.4121, 229.5858, 6170.3853, 135.9360, 258.1097, 6170.3853, 0.4407, 95.6013, 184.6827, 147.7468, 303.0128
235, 3554, 350.8882, 230.8759, 10561.3848, 378.9849, 258.9725, 10561.3848, 0.4407, 330.8258, 167.5192, 399.0474, 322.3292
235, 3530, 301.3541, 231.5309, 8938.7529, 328.8842, 259.0609, 8938.7529, 0.4407, 283.7379, 174.0851, 346.5005, 316.5067
236, 3561, 227.0644, 238.9928, 6197.3042, 255.5619, 267.4902, 6197.3042, 0.4407, 215.1835, 193.9477, 267.4428, 312.5354
236, 3560, 138.5152, 230.0336, 6079.2319, 167.0126, 258.5310, 6079.2319, 0.4407, 126.8845, 185.5559, 178.6434, 303.0088
236, 3557, 105.4883, 229.9457, 6155.9395, 133.6731, 258.1306, 6155.9395, 0.4407, 93.5385, 184.9424, 145.6229, 303.1339
236, 3554, 350.3780, 230.8312, 8923.8418, 378.2563, 258.7095, 8923.8418, 0.4407, 332.9621, 173.6188, 395.6722, 315.9218
236, 3530, 301.3439, 230.6602, 8766.2051, 328.8716, 258.1879, 8766.2051, 0.4407, 284.0308, 173.9039, 346.1847, 314.9442
237, 3561, 227.7878, 239.3087, 5304.7778, 256.3116, 267.8326, 5304.7778, 0.4407, 217.8748, 198.7123, 266.2246, 308.4289
237, 3560, 144.1096, 229.6568, 6168.1147, 172.6335, 258.1807, 6168.1147, 0.4407, 132.3036, 184.7645, 184.4395, 303.0729
237, 3557, 99.5647, 230.0277, 6144.1260, 127.4906, 257.9536, 6144.1260, 0.4407, 87.5104, 184.9516, 139.5449, 303.0297
237, 3554, 340.7275, 230.6830, 8748.8984, 368.4659, 258.4214, 8748.8984, 0.4407, 323.5505, 174.1016, 385.6430, 315.0028
237, 3530, 301.2739, 231.3708, 10383.0625, 328.8001, 258.8970, 10383.0625, 0.4407, 281.2153, 168.3853, 348.8587, 321.8825
238, 3561, 226.6564, 238.5166, 6071.1631, 254.8412, 266.7014, 6071.1631, 0.4407, 214.8865, 193.9217, 266.6111, 311.2964
238, 3560, 146.3155, 236.5046, 6155.8457, 174.5003, 264.6895, 6155.8457, 0.4407, 134.3658, 191.5017, 186.4499, 309.6924
238, 3557, 92.0821, 230.6086, 8628.2148, 119.8475, 258.3739, 8628.2148, 0.4407, 75.1335, 174.5282, 136.7961, 314.4544
238, 3554, 342.1347, 231.2762, 10375.1104, 369.7876, 258.9291, 10375.1104, 0.4407, 322.1525, 168.3834, 389.7698, 321.8219
238, 3530, 301.2538, 231.4535, 10547.6875, 328.7791, 258.9788, 10547.6875, 0.4407, 280.9277, 167.8615, 349.1052, 322.5707
239, 3561, 225.8539, 237.8881, 6152.9194, 253.7798, 265.8140, 6152.9194, 0.4407, 213.7810, 192.7698, 265.8527, 310.9323
239, 3560, 139.3624, 231.8053, 6144.2144, 167.2883, 259.7312, 6144.2144, 0.4407, 127.3080, 186.7287, 179.3428, 304.8077
239, 3557, 82.8486, 230.7859, 8863.8340, 110.5175, 258.4547, 8863.8340, 0.4407, 65.4336, 173.7084, 127.9325, 315.5322
239, 3554, 340.2644, 230.9259, 8927.6387, 367.8658, 258.5272, 8927.6387, 0.4407, 322.7033, 173.5600, 385.4268, 315.8931
239, 3530, 301.3326, 230.9365, 8917.4434, 328.8574, 258.4612, 8917.4434, 0.4407, 283.7512, 173.5730, 346.4389, 315.8247
240, 3557, 80.9208, 230.7834, 8834.6748, 108.5318, 258.3943, 8834.6748, 0.4407, 63.5282, 173.7937, 125.9243, 315.3839
240, 3554, 342.3056, 223.0565, 10379.0859, 369.8761, 250.6269, 10379.0859, 0.4407, 322.2757, 160.1077, 389.9060, 313.5756
240, 3530, 301.3514, 230.8074, 8746.4502, 328.8759, 258.3319, 8746.4502, 0.4407, 284.0717, 174.1290, 346.1556, 315.0103
241, 3557, 74.0189, 230.8084, 8805.5674, 101.5951, 258.3846, 8805.5674, 0.4407, 56.6604, 173.9182, 118.9536, 315.2748
241, 3554, 343.4713, 229.2421, 10535.9277, 371.0232, 256.7939, 10535.9277, 0.4407, 323.1776, 165.7065, 391.3170, 320.3296
241, 3530, 301.2734, 231.3363, 10374.2441, 328.7977, 258.8605, 10374.2441, 0.4407, 281.2282, 168.3824, 348.8429, 321.8144
242, 3557, 65.6136, 227.4803, 7435.6895, 93.1689, 255.0356, 7435.6895, 0.4407, 50.7698, 176.3093, 108.0127, 306.2066
242, 3554, 339.9810, 239.6831, 8911.6689, 367.5217, 267.2238, 8911.6689, 0.4407, 322.4176, 182.3506, 385.0851, 324.5564
242, 3530, 292.2144, 231.4627, 10544.3672, 319.7386, 258.9868, 10544.3672, 0.4407, 271.8932, 167.8823, 340.0599, 322.5673
243, 3560, 119.8456, 238.4360, 8843.7842, 148.0096, 266.6001, 8843.7842, 0.4407, 102.7135, 181.6863, 165.1416, 323.3499
243, 3554, 339.1865, 241.1064, 8744.2061, 366.7206, 268.6404, 8744.2061, 0.4407, 321.9156, 184.4418, 383.9915, 325.3051
243, 3530, 298.8216, 231.4319, 10533.3008, 326.3457, 258.9560, 10533.3008, 0.4407, 278.5182, 167.8921, 346.6491, 322.4958
244, 3560, 111.9457, 241.1336, 8818.3662, 139.9086, 269.0965, 8818.3662, 0.4407, 94.7580, 184.3852, 157.0964, 325.8448
244, 3554, 333.5567, 242.0811, 10373.4443, 361.0867, 269.6111, 10373.4443, 0.4407, 313.5157, 179.1331, 381.1277, 332.5592
244, 3530, 301.9265, 239.1607, 8900.3682, 329.4505, 266.6848, 8900.3682, 0.4407, 284.3746, 181.8649, 347.0023, 323.9805
245, 3560, 109.7466, 240.5534, 8798.4404, 137.5719, 268.3786, 8798.4404, 0.4407, 92.5253, 183.8162, 154.7932, 325.1158
245, 3554, 337.7657, 241.2035, 8927.0693, 365.2934, 268.7310, 8927.0693, 0.4407, 320.1688, 183.8030, 382.8904, 326.1315
245, 3530, 309.3518, 242.5600, 10355.6094, 336.8758, 270.0840, 10355.6094, 0.4407, 289.3369, 179.6749, 356.8907, 332.9691
246, 3554, 339.7324, 232.5227, 8761.8701, 367.2586, 260.0488, 8761.8701, 0.4407, 322.4262, 175.7830, 384.5648, 316.7885
246, 3530, 303.5051, 233.3679, 10525.5645, 331.0291, 260.8919, 10525.5645, 0.4407, 283.2142, 169.8564, 351.3201, 324.4034
247, 3565, 150.3919, 262.6752, 5080.3013, 176.6661, 288.9493, 5080.3013, 0.4407, 139.8710, 222.1274, 187.1870, 329.4970
247, 3530, 300.7105, 230.9672, 10524.8076, 328.2345, 258.4912, 10524.8076, 0.4407, 280.4208, 167.4585, 348.5242, 322.0000
248, 3530, 301.3922, 231.5528, 10514.1816, 328.9162, 259.0768, 10514.1816, 0.4407, 281.1197, 168.0831, 349.1887, 322.5466
249, 3530, 301.2994, 239.1312, 8891.7695, 328.8234, 266.6552, 8891.7695, 0.4407, 283.7627, 181.8698, 346.3601, 323.9167
250, 3554, 339.0628, 240.3587, 8784.0820, 367.1205, 268.4166, 8784.0820, 0.4407, 321.9830, 183.7957, 384.2003, 324.9796
250, 3530, 301.2863, 233.5269, 10352.3633, 328.8103, 261.0508, 10352.3633, 0.4407, 281.2767, 170.6537, 348.8199, 323.9240
251, 3565, 133.8602, 261.9330, 5210.7051, 162.7671, 290.8400, 5210.7051, 0.4407, 124.3540, 222.0169, 172.2733, 330.7561
251, 3554, 339.1653, 240.6976, 8784.6318, 367.0639, 268.5963, 8784.6318, 0.4407, 322.0049, 184.0527, 384.2242, 325.2411
251, 3530, 301.2517, 230.9285, 10524.4229, 328.7757, 258.4525, 10524.4229, 0.4407, 280.9626, 167.4211, 349.0648, 321.9598
252, 3554, 339.2156, 240.6889, 8784.7803, 367.0021, 268.4754, 8784.7803, 0.4407, 321.9990, 183.9874, 384.2188, 325.1769
252, 3530, 301.2602, 231.5623, 10524.4199, 328.7841, 259.0863, 10524.4199, 0.4407, 280.9711, 168.0550, 349.0732, 322.5936
253, 3554, 339.2644, 240.7523, 8784.8232, 366.9561, 268.4440, 8784.8232, 0.4407, 322.0003, 184.0032, 384.2202, 325.1931
253, 3530, 301.2581, 231.4077, 10514.0527, 328.7821, 258.9317, 10514.0527, 0.4407, 280.9858, 167.9384, 349.0544, 322.4009
254, 3530, 301.2586, 231.4454, 10508.7500, 328.7826, 258.9694, 10508.7500, 0.4407, 280.9949, 167.9956, 349.0463, 322.4192
255, 3530, 293.9354, 230.9390, 8889.6396, 321.4594, 258.4630, 8889.6396, 0.4407, 276.4024, 173.6860, 338.9923, 315.7159
256, 3530, 293.6316, 231.3742, 12246.9541, 321.1556, 258.8982, 12246.9541, 0.4407, 270.6614, 161.7832, 344.1258, 328.4893
257, 3530, 292.8930, 230.9922, 9088.0127, 320.4170, 258.5162, 9088.0127, 0.4407, 275.0127, 172.9514, 338.2972, 316.5571
258, 3530, 290.4978, 231.2914, 10348.3311, 318.0218, 258.8154, 10348.3311, 0.4407, 270.4948, 168.4333, 338.0249, 321.6735
259, 3530, 293.5882, 231.5436, 12405.8906, 321.1122, 259.0676, 12405.8906, 0.4407, 270.3804, 161.4135, 344.3199, 329.1978
260, 3530, 292.9036, 230.9509, 9081.4131, 320.4276, 258.4749, 9081.4131, 0.4407, 275.0348, 172.9361, 338.2963, 316.4897
261, 3530, 292.4825, 234.0423, 7361.6069, 320.0065, 261.5663, 7361.6069, 0.4407, 277.7659, 183.1801, 334.7230, 312.4286
262, 3530, 292.4539, 231.7132, 8603.4971, 319.9778, 259.2372, 8603.4971, 0.4407, 275.4287, 175.6123, 337.0030, 315.3380
263, 3530, 292.3222, 238.8368, 8777.8457, 319.8461, 266.3607, 8777.8457, 0.4407, 274.9866, 182.0317, 337.1817, 323.1658
264, 3530, 284.9848, 233.6686, 12304.5664, 312.5088, 261.1925, 12304.5664, 0.4407, 261.9283, 163.8816, 335.5652, 330.9795
265, 3530, 282.9898, 230.9997, 12636.5879, 310.5138, 258.5236, 12636.5879, 0.4407, 259.4399, 160.0930, 334.0637, 329.4302
266, 3530, 283.4764, 231.6507, 12593.9141, 311.0004, 259.1747, 12593.9141, 0.4407, 259.9896, 160.8872, 334.4873, 329.9381
267, 3530, 282.5088, 230.9248, 9039.7109, 310.0327, 258.4488, 9039.7109, 0.4407, 264.7127, 173.0750, 327.8288, 316.2986
268, 3530, 282.3088, 230.8106, 8685.7021, 309.8328, 258.3346, 8685.7021, 0.4407, 265.1368, 174.3771, 327.0047, 314.7682
269, 3530, 288.8588, 231.3357, 10335.8105, 316.3828, 258.8596, 10335.8105, 0.4407, 268.8762, 168.5240, 336.3654, 321.6714
270, 3530, 284.0987, 230.9658, 8911.3477, 311.6227, 258.4897, 8911.3477, 0.4407, 266.5276, 173.6262, 329.1939, 315.8293
271, 3530, 280.2037, 231.2979, 10373.1221, 307.7277, 258.8218, 10373.1221, 0.4407, 260.1602, 168.3480, 327.7712, 321.7717
272, 3530, 281.9891, 222.7565, 8916.8350, 309.5131, 250.2805, 8916.8350, 0.4407, 264.4083, 165.3951, 327.0939, 307.6420
273, 3530, 282.4355, 220.3638, 8756.6562, 309.9595, 247.8878, 8756.6562, 0.4407, 265.1375, 163.6441, 327.2575, 304.6075
274, 3530, 280.6094, 221.4447, 10379.5000, 308.1334, 248.9687, 10379.5000, 0.4407, 260.5555, 158.4713, 328.1873, 311.9421
275, 3530, 281.8902, 220.9392, 8929.4160, 309.4141, 248.4631, 8929.4160, 0.4407, 264.2872, 163.5276, 327.0171, 305.8748
276, 3530, 280.7425, 221.3043, 10379.7305, 308.2664, 248.8283, 10379.7305, 0.4407, 260.6882, 158.3300, 328.3207, 311.8026
277, 3530, 281.8577, 229.1919, 8919.1260, 309.3817, 256.7159, 8919.1260, 0.4407, 264.2729, 171.8213, 326.9665, 314.0865
278, 3530, 282.4676, 231.2333, 8757.4297, 309.9916, 258.7573, 8757.4297, 0.4407, 265.1682, 174.5105, 327.2910, 315.4802
279, 3530, 276.8359, 233.9734, 7405.9839, 304.3599, 261.4974, 7405.9839, 0.4407, 262.0337, 182.9167, 319.1621, 312.5542
283, 3576, 182.4839, 229.2163, 1534.0000, 208.7581, 255.4905, 1534.0000, 0.4407, 182.6210, 212.8534, 208.6210, 271.8534
283, 3530, 279.7076, 221.4289, 10510.2480, 307.7648, 249.4861, 10510.2480, 0.4407, 259.7080, 158.2402, 327.7643, 312.6748
284, 3576, 181.9333, 228.3217, 1534.0000, 210.4307, 256.8191, 1534.0000, 0.4407, 183.1820, 213.0704, 209.1820, 272.0704
284, 3530, 280.1425, 229.4149, 10493.8848, 308.0409, 257.3132, 10493.8848, 0.4407, 260.0901, 166.2068, 328.0934, 320.5212
285, 3576, 184.9814, 231.5135, 1534.0000, 213.5053, 260.0374, 1534.0000, 0.4407, 186.2433, 216.2755, 212.2433, 275.2755
285, 3530, 280.1097, 231.7623, 10499.2891, 307.8960, 259.5486, 10499.2891, 0.4407, 259.9924, 168.4783, 328.0132, 322.8325
286, 3576, 186.0971, 232.5891, 1534.0000, 214.2819, 260.7739, 1534.0000, 0.4407, 187.1895, 217.1815, 213.1895, 276.1815
286, 3530, 280.1791, 231.2426, 10503.0400, 307.8706, 258.9342, 10503.0400, 0.4407, 260.0084, 167.8976, 328.0413, 322.2792
287, 3576, 185.9907, 235.7801, 1534.0000, 213.9166, 263.7060, 1534.0000, 0.4407, 186.9537, 220.2431, 212.9537, 279.2431
287, 3530, 281.9236, 239.1355, 8887.6084, 309.5498, 266.7617, 8887.6084, 0.4407, 264.4453, 181.9417, 327.0280, 323.9554
288, 3576, 189.4160, 233.5146, 1534.0000, 217.1814, 261.2799, 1534.0000, 0.4407, 190.2987, 217.8973, 216.2987, 276.8973
288, 3530, 288.9095, 233.4826, 10350.9072, 316.4950, 261.0681, 10350.9072, 0.4407, 268.9330, 170.6457, 336.4715, 323.9051
289, 3576, 194.5798, 232.1504, 1803.4905, 222.2487, 259.8193, 1803.4905, 0.4407, 194.3186, 213.9983, 222.5100, 277.9714
289, 3530, 292.2788, 230.4161, 8906.9043, 319.8397, 257.9770, 8906.9043, 0.4407, 274.7340, 173.1127, 337.3846, 315.2804
290, 3576, 198.8275, 232.3717, 1829.2083, 226.4385, 259.9827, 1829.2083, 0.4407, 198.4372, 213.9634, 226.8289, 278.3910
290, 3530, 290.6320, 231.4163, 10369.9404, 318.1782, 258.9625, 10369.9404, 0.4407, 270.6049, 168.4893, 338.2054, 321.8895
291, 3576, 205.1231, 232.6385, 1556.6342, 232.6993, 260.2147, 1556.6342, 0.4407, 205.8157, 216.7097, 232.0068, 276.1435
291, 3530, 299.2719, 230.9367, 8915.4756, 326.8092, 258.4740, 8915.4756, 0.4407, 281.7001, 173.5873, 344.3809, 315.8234
292, 3576, 208.2656, 232.4440, 1797.2805, 235.8209, 259.9993, 1797.2805, 0.4407, 207.9718, 214.2902, 236.1146, 278.1531
292, 3530, 301.8488, 230.8021, 8756.1523, 329.3808, 258.3340, 8756.1523, 0.4407, 284.5557, 174.0884, 346.6739, 315.0478
293, 3576, 208.4208, 232.3481, 1824.6688, 235.9636, 259.8909, 1824.6688, 0.4407, 208.0140, 213.9456, 236.3704, 278.2933
293, 3530, 301.2225, 230.8372, 8762.2998, 328.7513, 258.3660, 8762.2998, 0.4407, 283.9168, 174.0971, 346.0569, 315.1060
294, 3580, 502.8414, 267.7324, 3637.7422, 529.7469, 294.6379, 3637.7422, 0.4407, 496.2749, 235.7571, 536.3134, 326.6132
294, 3576, 208.6023, 231.4398, 2142.2766, 236.1376, 258.9751, 2142.2766, 0.4407, 207.0073, 210.3458, 237.7327, 280.0692
294, 3530, 309.5951, 230.8300, 8775.0420, 337.1219, 258.3568, 8775.0420, 0.4407, 292.2659, 174.0378, 354.4511, 315.1490
295, 3580, 508.4924, 266.5504, 3637.6038, 535.7486, 293.8065, 3637.6038, 0.4407, 502.1017, 234.7512, 542.1394, 325.6056
295, 3576, 209.9668, 232.4166, 1583.1421, 237.4976, 259.9473, 1583.1421, 0.4407, 210.5256, 216.2131, 236.9388, 276.1508
295, 3530, 311.7008, 231.3297, 10398.2129, 339.2266, 258.8555, 10398.2129, 0.4407, 291.6173, 168.2881, 359.3100, 321.8972
296, 3584, 142.3373, 234.1214, 1534.0000, 168.6115, 260.3956, 1534.0000, 0.4407, 142.4744, 217.7585, 168.4744, 276.7585
296, 3580, 514.4495, 266.7332, 3633.8403, 541.8546, 294.1383, 3633.8403, 0.4407, 508.1436, 235.0321, 548.1605, 325.8395
296, 3576, 212.0789, 232.5173, 1791.9757, 239.6070, 260.0453, 1791.9757, 0.4407, 211.7924, 214.3970, 239.8936, 278.1656
296, 3530, 316.1816, 231.5336, 12450.2549, 343.7067, 259.0586, 12450.2549, 0.4407, 292.9084, 161.2540, 366.9799, 329.3381
297, 3584, 145.3386, 231.8870, 1534.0000, 173.8361, 260.3845, 1534.0000, 0.4407, 146.5874, 216.6357, 172.5874, 275.6357
297, 3580, 526.1613, 266.6404, 3631.9231, 553.6241, 294.1034, 3631.9231, 0.4407, 519.8895, 234.9802, 559.8959, 325.7637
297, 3576, 219.8745, 232.3417, 1820.3589, 247.4009, 259.8681, 1820.3589, 0.4407, 219.4762, 213.9691, 247.7991, 278.2407
297, 3530, 320.1115, 230.9529, 9101.0957, 347.6362, 258.4775, 9101.0957, 0.4407, 302.2088, 172.8607, 365.5388, 316.5697
298, 3580, 538.6322, 266.6430, 3631.1692, 566.1212, 294.1321, 3631.1692, 0.4407, 532.3755, 235.0005, 572.3779, 325.7746
298, 3576, 222.4602, 229.3941, 1552.8024, 249.9857, 256.9196, 1552.8024, 0.4407, 223.1436, 213.4765, 249.3024, 272.8372
298, 3530, 327.8292, 231.3706, 12238.1260, 355.3535, 258.8949, 12238.1260, 0.4407, 304.8724, 161.8098, 378.3103, 328.4557
299, 3576, 228.7580, 228.5774, 1526.3636, 256.2828, 256.1022, 1526.3636, 0.4407, 229.5528, 212.9132, 255.4880, 271.7663
299, 3530, 332.1243, 231.4902, 10687.7832, 359.6485, 259.0144, 10687.7832, 0.4407, 311.5720, 167.3857, 380.2007, 323.1189
300, 3576, 228.4812, 230.8310, 2116.5518, 256.0057, 258.3555, 2116.5518, 0.4407, 226.9732, 209.9416, 257.5136, 279.2450
301, 3584, 149.6841, 228.0641, 1534.0000, 178.2589, 256.6389, 1534.0000, 0.4407, 150.9715, 212.8515, 176.9715, 271.8515
301, 3576, 227.4613, 231.3364, 2175.5479, 254.9856, 258.8607, 2175.5479, 0.4407, 225.7419, 209.9673, 256.7050, 280.2299
302, 3584, 146.6100, 228.4315, 1534.0000, 174.8215, 256.6429, 1534.0000, 0.4407, 147.7157, 213.0372, 173.7157, 272.0372
302, 3576, 227.7102, 231.2132, 2170.1621, 255.2344, 258.7374, 2170.1621, 0.4407, 226.0099, 209.8875, 256.9347, 280.0631
303, 3584, 149.1234, 228.5031, 1534.0000, 177.0988, 256.4785, 1534.0000, 0.4407, 150.1111, 212.9908, 176.1111, 271.9908
303, 3576, 228.7595, 231.2968, 2534.7903, 256.2836, 258.8209, 2534.7903, 0.4407, 225.8106, 207.1377, 259.2324, 282.9799
303, 3530, 342.3859, 231.1828, 10648.9053, 370.4432, 259.2401, 10648.9053, 0.4407, 322.1626, 167.4866, 390.6664, 322.9363
304, 3584, 150.3152, 228.5996, 1534.0000, 178.1205, 256.4049, 1534.0000, 0.4407, 151.2178, 213.0023, 177.2178, 272.0023
304, 3576, 232.0729, 231.2504, 2196.3506, 259.5969, 258.7745, 2196.3506, 0.4407, 230.2795, 209.7136, 261.3903, 280.3113
304, 3530, 340.0053, 230.7501, 8837.8701, 367.9036, 258.6485, 8837.8701, 0.4407, 322.7507, 173.8915, 385.1582, 315.5071
305, 3584, 153.3870, 231.9396, 1534.0000, 181.0815, 259.6341, 1534.0000, 0.4407, 154.2342, 216.2869, 180.2342, 275.2869
305, 3576, 235.2386, 231.8248, 3009.4636, 262.7626, 259.3488, 3009.4636, 0.4407, 230.7920, 204.2675, 267.2091, 286.9062
305, 3530, 350.4441, 231.1734, 10316.7520, 378.2303, 258.9597, 10316.7520, 0.4407, 330.6237, 168.5634, 398.0507, 321.5696
306, 3576, 239.8254, 231.9880, 3090.4998, 267.3494, 259.5120, 3090.4998, 0.4407, 235.1353, 203.8781, 272.0395, 287.6219
306, 3530, 358.0154, 230.8897, 8892.4219, 385.7069, 258.5812, 8892.4219, 0.4407, 340.5613, 173.7094, 403.1610, 315.7615
307, 3576, 245.7480, 231.9482, 3082.9553, 273.2720, 259.4722, 3082.9553, 0.4407, 241.0804, 203.8895, 277.9396, 287.5309
307, 3530, 366.5762, 230.7476, 8747.5684, 394.2024, 258.3738, 8747.5684, 0.4407, 349.3454, 174.1156, 411.4332, 315.0058
308, 3576, 246.8358, 231.9579, 3074.2148, 274.3598, 259.4819, 3074.2148, 0.4407, 242.1943, 203.9586, 279.0013, 287.4812
308, 3530, 373.5945, 231.3078, 10376.3232, 401.1801, 258.8933, 10376.3232, 0.4407, 353.5766, 168.3769, 421.1980, 321.8242
309, 3576, 251.5015, 231.9555, 3070.1995, 279.0255, 259.4795, 3070.1995, 0.4407, 246.8721, 203.9836, 283.6550, 287.4515
309, 3530, 377.7554, 230.9466, 8928.3389, 405.3163, 258.5075, 8928.3389, 0.4407, 360.1729, 173.5577, 422.8989, 315.8963
310, 3576, 252.8959, 231.9561, 3068.6726, 280.4199, 259.4801, 3068.6726, 0.4407, 248.2710, 203.9945, 285.0448, 287.4417
310, 3530, 378.4769, 230.7897, 8762.3467, 406.0231, 258.3359, 8762.3467, 0.4407, 361.1799, 174.0582, 423.3202, 315.0674
311, 3592, 435.0254, 231.4579, 8784.8418, 461.2996, 257.7321, 8784.8418, 0.4407, 417.0525, 174.0000, 479.2725, 315.1900
311, 3576, 247.6247, 231.9560, 3068.1338, 275.1487, 259.4799, 3068.1338, 0.4407, 243.0014, 203.9980, 279.7720, 287.4379
311, 3530, 383.9865, 231.3314, 10381.7168, 411.5239, 258.8687, 10381.7168, 0.4407, 363.9357, 168.3565, 431.5747, 321.8437
312, 3592, 442.0137, 221.7505, 12298.1279, 470.5112, 250.2479, 12298.1279, 0.4407, 419.4536, 152.4723, 493.0714, 319.5261
312, 3576, 250.1713, 234.9693, 3596.9395, 277.6953, 262.4933, 3596.9395, 0.4407, 244.0266, 203.5589, 283.8400, 293.9037
312, 3530, 386.4857, 231.5283, 12442.5840, 414.0177, 259.0602, 12442.5840, 0.4407, 363.2273, 161.2781, 437.2761, 329.3104
313, 3592, 452.1706, 228.0243, 9120.1846, 480.6945, 256.5482, 9120.1846, 0.4407, 434.7343, 170.3565, 498.1307, 314.2161
313, 3576, 251.4982, 235.7819, 3647.3599, 279.0222, 263.3059, 3647.3599, 0.4407, 245.2145, 204.0558, 285.3059, 295.0318
313, 3530, 385.4296, 231.4485, 10715.1914, 412.9584, 258.9773, 10715.1914, 0.4407, 364.8356, 167.2465, 433.5523, 323.1793
314, 3576, 256.1056, 230.6526, 3641.2869, 283.6296, 258.1766, 3641.2869, 0.4407, 249.8386, 198.9644, 289.8966, 289.8647
314, 3530, 393.4332, 231.4334, 10496.0518, 420.9601, 258.9603, 10496.0518, 0.4407, 373.1915, 168.0318, 441.2018, 322.3619
315, 3576, 257.8302, 226.3580, 3106.1543, 285.3542, 253.8819, 3106.1543, 0.4407, 253.0934, 198.1422, 290.0911, 282.0977
315, 3530, 395.7025, 231.4379, 10488.0518, 423.2283, 258.9636, 10488.0518, 0.4407, 375.4732, 168.0651, 443.4576, 322.3364
316, 3594, 292.6687, 229.8415, 1824.9652, 317.2903, 254.4631, 1824.9652, 0.4407, 290.8002, 209.9758, 319.1588, 274.3288
316, 3576, 256.3740, 231.6434, 4271.0742, 283.8980, 259.1673, 4271.0742, 0.4407, 248.4439, 196.1814, 291.8280, 294.6293
316, 3530, 395.1494, 231.4373, 10497.1631, 422.6745, 258.9623, 10497.1631, 0.4407, 374.9050, 168.0306, 442.9189, 322.3690
317, 3576, 256.1140, 233.3253, 4392.3291, 283.6380, 260.8493, 4392.3291, 0.4407, 247.8783, 197.1695, 291.8738, 297.0052
317, 3530, 395.2846, 231.4377, 10502.3047, 422.8093, 258.9623, 10502.3047, 0.4407, 375.0317, 168.0119, 443.0623, 322.3882
318, 3576, 256.1775, 232.9151, 4384.1582, 283.7014, 260.4390, 4384.1582, 0.4407, 247.9621, 196.8056, 291.9167, 296.5485
318, 3530, 404.2922, 231.4378, 10504.3848, 431.8166, 258.9622, 10504.3848, 0.4407, 384.0357, 168.0042, 452.0730, 322.3958
319, 3596, 131.1875, 233.5801, 1830.3137, 157.4616, 259.8543, 1830.3137, 0.4407, 130.1244, 214.4936, 158.5247, 278.9408
319, 3576, 256.1620, 238.7681, 4372.6738, 283.6860, 266.2921, 4372.6738, 0.4407, 247.9755, 202.7240, 291.8725, 302.3362
319, 3530, 406.7380, 231.4379, 10505.1387, 434.2622, 258.9621, 10505.1387, 0.4407, 386.4802, 168.0015, 454.5200, 322.3985
320, 3596, 125.6680, 235.7820, 1826.4983, 154.1654, 264.2794, 1826.4983, 0.4407, 125.7314, 217.8407, 154.1020, 282.2207
320, 3576, 256.1658, 240.2949, 4367.2935, 283.6897, 267.8189, 4367.2935, 0.4407, 247.9928, 204.2814, 291.8627, 303.8324
320, 3530, 406.2150, 239.1592, 8888.3750, 433.7391, 266.6833, 8888.3750, 0.4407, 388.6843, 181.9113, 451.2698, 323.9312
321, 3596, 123.2508, 235.4335, 2141.2346, 151.7747, 263.9574, 2141.2346, 0.4407, 122.1538, 214.8423, 152.8717, 284.5487
321, 3576, 252.0716, 240.4012, 5155.4541, 279.5956, 267.9252, 5155.4541, 0.4407, 242.0014, 200.0825, 289.6658, 308.2439
321, 3530, 406.3804, 241.2412, 8734.1484, 433.9045, 268.7653, 8734.1484, 0.4407, 389.1224, 184.6122, 451.1625, 325.3944
322, 3597, 220.4196, 239.4126, 6052.7266, 245.0413, 264.0343, 6052.7266, 0.4407, 206.9075, 193.1252, 258.5534, 310.3217
322, 3596, 120.3085, 231.4979, 2541.0244, 148.4933, 259.6827, 2541.0244, 0.4407, 117.6695, 207.6225, 151.1324, 283.5581
322, 3576, 255.0613, 240.1424, 4439.9160, 282.5853, 267.6664, 4439.9160, 0.4407, 246.7067, 203.7168, 290.9399, 304.0920
322, 3530, 406.2665, 233.0121, 10369.7041, 433.7906, 260.5362, 10369.7041, 0.4407, 386.2286, 170.0749, 453.8284, 323.4734
323, 3597, 215.1133, 240.7850, 5327.4468, 241.6276, 267.2992, 5327.4468, 0.4407, 204.1440, 199.0667, 252.5969, 309.0175
323, 3596, 116.8720, 231.5101, 3055.1418, 144.7979, 259.4359, 3055.1418, 0.4407, 112.4888, 203.8412, 149.1812, 287.1048
323, 3576, 251.5631, 238.5153, 6020.3350, 279.0871, 266.0393, 6020.3350, 0.4407, 239.5714, 193.8360, 291.0789, 310.7185
323, 3530, 406.2565, 231.0540, 10542.7871, 433.7806, 258.5780, 10542.7871, 0.4407, 385.9377, 167.4793, 454.0994, 322.1527
324, 3597, 214.2650, 240.8547, 5216.5894, 241.3976, 267.9872, 5216.5894, 0.4407, 203.8582, 200.0205, 251.8044, 308.8214
324, 3576, 250.6926, 240.0935, 5304.1299, 278.2166, 267.6175, 5304.1299, 0.4407, 240.2812, 199.0005, 288.6281, 308.7105
324, 3530, 406.2590, 231.5317, 10532.7666, 433.7830, 259.0557, 10532.7666, 0.4407, 385.9564, 167.9937, 454.0856, 322.5936
325, 3597, 211.0679, 238.7332, 6078.4595, 238.3941, 266.0594, 6078.4595, 0.4407, 198.8532, 193.6736, 250.6088, 311.1190
325, 3576, 250.5266, 238.7731, 6081.4814, 278.0506, 266.2971, 6081.4814, 0.4407, 238.4044, 193.7978, 290.1729, 311.2723
325, 3530, 414.4768, 240.4555, 10517.2148, 442.0009, 267.9795, 10517.2148, 0.4407, 394.1994, 176.9746, 462.2783, 331.4604
326, 3597, 203.5418, 238.1985, 6161.9639, 230.9510, 265.6077, 6161.9639, 0.4407, 191.1915, 192.7784, 243.3014, 311.0278
326, 3576, 250.1676, 238.1075, 6158.2358, 277.6916, 265.6315, 6158.2358, 0.4407, 237.8825, 192.7627, 289.9767, 310.9763
326, 3530, 416.7666, 241.6025, 8892.8398, 444.2906, 269.1265, 8892.8398, 0.4407, 399.2281, 184.3368, 461.8293, 326.3923
327, 3576, 243.6804, 238.2699, 6150.6558, 271.2044, 265.7938, 6150.6558, 0.4407, 231.4113, 192.9614, 283.4734, 311.1022
327, 3530, 416.2458, 240.6453, 8735.7041, 443.7699, 268.1693, 8735.7041, 0.4407, 398.9850, 184.0099, 461.0307, 324.8047
328, 3576, 241.8862, 238.2303, 6142.1553, 269.4102, 265.7542, 6142.1553, 0.4407, 229.6351, 192.9626, 281.6612, 311.0218
328, 3530, 416.3729, 240.8788, 8753.2061, 443.8969, 268.4028, 8753.2061, 0.4407, 399.0810, 184.1729, 461.1888, 325.1086
329, 3576, 241.0405, 235.3922, 7270.7759, 268.5645, 262.9162, 7270.7759, 0.4407, 226.5004, 184.9297, 283.1047, 313.3788
329, 3530, 416.3419, 240.8218, 8771.6240, 443.8659, 268.3458, 8771.6240, 0.4407, 399.0173, 184.0419, 461.1905, 325.1258
330, 3576, 240.5877, 234.6220, 7377.3755, 268.1117, 262.1459, 7377.3755, 0.4407, 225.8409, 183.6902, 282.8586, 313.0778
330, 3530, 419.6640, 233.1844, 12292.3652, 447.1880, 260.7083, 12292.3652, 0.4407, 396.6258, 163.4390, 470.2262, 330.4537
331, 3576, 233.3016, 234.8099, 7363.8960, 260.8255, 262.3338, 7363.8960, 0.4407, 218.5808, 183.9371, 275.5463, 313.2066
331, 3530, 420.5559, 231.1178, 12630.7227, 448.0799, 258.6418, 12630.7227, 0.4407, 397.0146, 160.2309, 471.6212, 329.5286
332, 3576, 233.4757, 239.7444, 8707.3291, 260.9996, 267.2684, 8707.3291, 0.4407, 216.2655, 183.2229, 278.2098, 323.7899
332, 3530, 420.3383, 231.6219, 12591.6494, 447.8624, 259.1458, 12591.6494, 0.4407, 396.8548, 160.8660, 471.3459, 329.9017
333, 3576, 227.1642, 241.0985, 8830.8076, 254.6882, 268.6225, 8830.8076, 0.4407, 209.7351, 184.0806, 272.1172, 325.6404
333, 3530, 417.0034, 231.4290, 10655.9307, 444.5274, 258.9530, 10655.9307, 0.4407, 396.5021, 167.4406, 465.0286, 322.9415
334, 3576, 224.9050, 240.7682, 8813.0186, 252.4290, 268.2922, 8813.0186, 0.4407, 207.5073, 183.8218, 269.8267, 325.2387
334, 3530, 416.0768, 231.4402, 10456.7656, 443.6008, 258.9642, 10456.7656, 0.4407, 395.8973, 168.1817, 463.7803, 322.2227
335, 3576, 215.8639, 235.8684, 7439.7334, 243.3879, 263.3924, 7439.7334, 0.4407, 200.9967, 184.6640, 258.2550, 314.5969
335, 3530, 419.6909, 231.5073, 12366.8838, 447.2149, 259.0313, 12366.8838, 0.4407, 396.5413, 161.5092, 470.3645, 329.0295
336, 3576, 216.0868, 240.8053, 10276.6455, 243.6108, 268.3293, 10276.6455, 0.4407, 196.2010, 178.2126, 263.4965, 330.9219
336, 3530, 420.5493, 231.5268, 12567.3086, 448.0734, 259.0508, 12567.3086, 0.4407, 397.1018, 160.8527, 471.5208, 329.7250
337, 3605, 249.5783, 236.8460, 2572.2480, 275.8524, 263.1202, 2572.2480, 0.4407, 245.8815, 211.7827, 279.5493, 288.1836
337, 3576, 208.5040, 233.7960, 10573.1797, 236.0280, 261.3199, 10573.1797, 0.4407, 188.1362, 170.1096, 256.3958, 325.0063
337, 3530, 420.3399, 231.5221, 12554.7305, 447.8640, 259.0461, 12554.7305, 0.4407, 396.9110, 160.8902, 471.2928, 329.6779
338, 3607, 587.9135, 247.4497, 4370.2690, 614.1877, 273.7238, 4370.2690, 0.4407, 579.1081, 210.7943, 622.9930, 310.3792
338, 3605, 248.5534, 235.8549, 2561.2876, 277.0508, 264.3523, 2561.2876, 0.4407, 246.0042, 211.9846, 279.6002, 288.2225
338, 3576, 203.3459, 240.7948, 12449.2686, 230.8699, 268.3188, 12449.2686, 0.4407, 180.0737, 170.5179, 254.1421, 338.5958
338, 3530, 420.3910, 231.5233, 12536.2227, 447.9150, 259.0472, 12536.2227, 0.4407, 396.9895, 160.9536, 471.3165, 329.6168
339, 3608, 147.9286, 249.3110, 11087.9365, 174.2028, 275.5852, 11087.9365, 0.4407, 126.1150, 183.1370, 196.0165, 341.7593
339, 3607, 585.1387, 250.9467, 4371.4741, 613.6362, 279.4442, 4371.4741, 0.4407, 577.4420, 215.3961, 621.3329, 314.9948
339, 3605, 246.5352, 237.1537, 3039.5562, 275.0590, 265.6776, 3039.5562, 0.4407, 242.4978, 209.8901, 279.0964, 292.9412
339, 3576, 196.6973, 240.4779, 14482.6973, 224.2213, 268.0019, 14482.6973, 0.4407, 170.5149, 163.5969, 250.4036, 344.8828
339, 3530, 416.9905, 231.4531, 10632.1631, 444.5145, 258.9771, 10632.1631, 0.4407, 396.5275, 167.5514, 464.9775, 322.8788
340, 3607, 583.4088, 248.5182, 3678.3105, 611.9326, 277.0421, 3678.3105, 0.4407, 577.5402, 217.0994, 617.8011, 308.4610
340, 3605, 246.1887, 237.7013, 3083.9001, 274.3736, 265.8862, 3083.9001, 0.4407, 241.8488, 209.9665, 278.7135, 293.6210
340, 3576, 192.5340, 232.4980, 12747.1631, 220.0580, 260.0219, 12747.1631, 0.4407, 168.8213, 161.2215, 243.7707, 331.2984
340, 3530, 419.4680, 231.5042, 12343.3027, 446.9920, 259.0282, 12343.3027, 0.4407, 396.3536, 161.5860, 470.1064, 328.9464
341, 3607, 580.0876, 250.7899, 2598.5415, 608.2723, 278.9747, 2598.5415, 0.4407, 577.2601, 226.4873, 611.0997, 303.2773
341, 3606, 270.9360, 233.5960, 4382.8462, 296.6415, 259.3015, 4382.8462, 0.4407, 261.8148, 196.5847, 305.7627, 296.3128
341, 3605, 241.5157, 237.7365, 3077.7673, 269.4416, 265.6624, 3077.7673, 0.4407, 237.0645, 209.9139, 273.8927, 293.4850
341, 3576, 187.5692, 243.6540, 16769.1914, 215.0931, 271.1779, 16769.1914, 0.4407, 158.3492, 159.8798, 244.3131, 354.9521
341, 3530, 420.6037, 231.5276, 12544.6826, 448.1277, 259.0516, 12544.6826, 0.4407, 397.1897, 160.9295, 471.5417, 329.6497
342, 3607, 579.0156, 247.2072, 4210.1328, 606.9415, 275.1331, 4210.1328, 0.4407, 571.4420, 212.2984, 614.5152, 310.0419
342, 3606, 269.4497, 233.5798, 4425.2861, 295.9633, 260.0933, 4425.2861, 0.4407, 260.6264, 196.7316, 304.7866, 296.9414
342, 3605, 236.1257, 237.8399, 3071.9595, 263.8911, 265.6052, 3071.9595, 0.4407, 231.6116, 209.9765, 268.4051, 293.4686
342, 3576, 181.2405, 234.9163, 12912.8145, 208.7645, 262.4402, 12912.8145, 0.4407, 157.2851, 163.0890, 232.7199, 334.2675
342, 3530, 420.3267, 231.5219, 12544.5801, 447.8507, 259.0459, 12544.5801, 0.4407, 396.9128, 160.9242, 471.2646, 329.6436
343, 3609, 489.9663, 232.7870, 10533.8584, 518.8651, 261.6858, 10533.8584, 0.4407, 470.3493, 169.9324, 538.4820, 324.5404
343, 3607, 577.4481, 241.9363, 3702.5566, 605.2134, 269.7016, 3702.5566, 0.4407, 571.1340, 209.9878, 611.5274, 301.6501
343, 3605, 235.3979, 237.8825, 3069.3586, 263.0668, 265.5514, 3069.3586, 0.4407, 230.8434, 209.9886, 267.6213, 293.4452
343, 3576, 173.7531, 231.5582, 16716.1543, 201.2771, 259.0822, 16716.1543, 0.4407, 144.6012, 147.9384, 230.4291, 342.7021
343, 3530, 426.0465, 231.4534, 10637.0430, 453.5705, 258.9774, 10637.0430, 0.4407, 405.5757, 167.5339, 474.0414, 322.8969
344, 3607, 572.9156, 240.1070, 4321.7607, 600.5845, 267.7758, 4321.7607, 0.4407, 564.9298, 204.4260, 608.5704, 303.4568
344, 3605, 239.7254, 232.9817, 3068.3784, 267.3364, 260.5927, 3068.3784, 0.4407, 235.1448, 205.0656, 271.9169, 288.5088
344, 3576, 163.7907, 247.3385, 24173.0684, 191.3147, 274.8624, 24173.0684, 0.4407, 125.9472, 143.9955, 229.1583, 378.2055
344, 3530, 427.5541, 223.2158, 10449.9424, 455.0782, 250.7398, 10449.9424, 0.4407, 407.3857, 159.9824, 475.2466, 313.9731
345, 3605, 233.9139, 234.6824, 3597.0232, 261.4901, 262.2586, 3597.0232, 0.4407, 227.7950, 203.2975, 267.6089, 293.6435
345, 3576, 161.8593, 237.7957, 24825.9004, 189.3832, 265.3197, 24825.9004, 0.4407, 123.3235, 132.8820, 227.9190, 370.2335
345, 3530, 418.1461, 229.2228, 10469.1797, 445.6701, 256.7468, 10469.1797, 0.4407, 397.9464, 165.9186, 465.8697, 320.0510
346, 3605, 231.8072, 235.8298, 3647.3882, 259.3625, 263.3852, 3647.3882, 0.4407, 225.5390, 204.1193, 265.6306, 295.0956
346, 3576, 149.1808, 233.3702, 24710.5117, 176.7048, 260.8942, 24710.5117, 0.4407, 110.7668, 128.7325, 215.1189, 365.5318
346, 3530, 415.7981, 241.0187, 10490.2891, 443.3221, 268.5427, 10490.2891, 0.4407, 395.5642, 177.6367, 463.5559, 331.9246
347, 3605, 227.3988, 235.5587, 3641.2961, 254.9416, 263.1016, 3641.2961, 0.4407, 221.1411, 203.8799, 261.1992, 294.7803
347, 3576, 141.2178, 244.6611, 35149.8398, 168.7418, 272.1851, 35149.8398, 0.4407, 92.7507, 117.2117, 217.2089, 399.6345
347, 3530, 419.7589, 233.8138, 12395.2783, 447.2829, 261.3378, 12395.2783, 0.4407, 396.5670, 163.7195, 470.4748, 331.4321
348, 3605, 225.9469, 240.5612, 3635.1465, 253.4822, 268.0965, 3635.1465, 0.4407, 219.7025, 208.9170, 259.7267, 299.7407
348, 3530, 420.5328, 230.9642, 12579.8105, 448.0568, 258.4882, 12579.8105, 0.4407, 397.0668, 160.2481, 471.5228, 329.2043
349, 3605, 222.9569, 240.5395, 4321.5571, 250.4876, 268.0703, 4321.5571, 0.4407, 214.9024, 204.7908, 258.5421, 303.8189
349, 3530, 416.9559, 231.5894, 10664.0605, 444.4799, 259.1134, 10664.0605, 0.4407, 396.4417, 167.5713, 464.9942, 323.1316
350, 3613, 245.8282, 233.8864, 5181.8096, 272.1023, 260.1606, 5181.8096, 0.4407, 235.0722, 192.8047, 282.8583, 301.2423
350, 3605, 216.2161, 234.1070, 4386.2769, 243.7441, 261.6351, 4386.2769, 0.4407, 207.9975, 197.9876, 251.9627, 297.7546
350, 3530, 407.8699, 231.4011, 10461.6367, 435.3939, 258.9250, 10461.6367, 0.4407, 387.6825, 168.1246, 455.5813, 322.2015
351, 3605, 209.1540, 238.4756, 4378.0215, 236.6804, 266.0020, 4378.0215, 0.4407, 200.9553, 202.4022, 244.8791, 302.0753
351, 3530, 408.4316, 231.5169, 12368.8848, 435.9557, 259.0409, 12368.8848, 0.4407, 385.2791, 161.5119, 459.1082, 329.0458
352, 3605, 202.9917, 240.3652, 4369.9004, 230.5171, 267.8907, 4369.9004, 0.4407, 194.8129, 204.3376, 238.6959, 303.9183
352, 3530, 407.0464, 231.4547, 10672.6865, 434.5704, 258.9786, 10672.6865, 0.4407, 386.5182, 167.4050, 455.0985, 323.0283
353, 3616, 541.2416, 245.8320, 4364.1309, 567.5157, 272.1062, 4364.1309, 0.4407, 532.4517, 209.2116, 576.3057, 308.7266
353, 3605, 201.9628, 239.9047, 4366.2446, 229.4876, 267.4296, 4366.2446, 0.4407, 193.7928, 203.8976, 237.6575, 303.4366
353, 3530, 406.0663, 231.4339, 10478.7549, 433.5903, 258.9579, 10478.7549, 0.4407, 385.8512, 168.0945, 453.8055, 322.2974
354, 3613, 241.3376, 255.0544, 2423.9951, 270.2446, 283.9613, 2423.9951, 0.4407, 239.4494, 232.4248, 272.1328, 306.5909
354, 3605, 202.2140, 240.0173, 4364.8643, 229.7385, 267.5418, 4364.8643, 0.4407, 194.0474, 204.0179, 237.9051, 303.5412
354, 3530, 408.8716, 231.5089, 12377.1191, 436.3956, 259.0328, 12377.1191, 0.4407, 385.7068, 161.4760, 459.5605, 329.0657
