2,3068,155.00,265.00,26.00,59.00,1,-1,-1,-1
3,3070,10.00,148.00,86.67,196.67,1,-1,-1,-1
3,3069,247.00,197.00,28.33,64.28,1,-1,-1,-1
3,3068,156.00,262.00,28.32,64.27,1,-1,-1,-1
6,3069,270.85,201.84,25.94,58.86,1,-1,-1,-1
7,3069,274.43,200.65,25.98,58.95,1,-1,-1,-1
7,3068,150.03,188.26,64.01,145.25,1,-1,-1,-1
8,3069,281.76,204.41,25.99,58.98,1,-1,-1,-1
8,3068,154.69,175.35,73.81,167.50,1,-1,-1,-1
9,3069,289.89,205.15,26.00,58.99,1,-1,-1,-1
9,3068,157.47,172.17,74.62,169.33,1,-1,-1,-1
10,3069,297.71,201.36,28.19,63.97,1,-1,-1,-1
10,3068,156.41,172.94,79.85,181.21,1,-1,-1,-1
11,3069,306.01,204.46,26.22,59.49,1,-1,-1,-1
11,3068,166.91,174.03,80.24,182.08,1,-1,-1,-1
12,3069,315.31,201.49,28.17,63.92,1,-1,-1,-1
12,3068,178.78,182.74,74.78,169.70,1,-1,-1,-1
13,3069,320.70,200.88,28.37,64.37,1,-1,-1,-1
13,3068,181.59,175.30,79.56,180.53,1,-1,-1,-1
14,3069,332.41,199.82,30.73,69.73,1,-1,-1,-1
14,3068,191.98,173.72,80.08,181.72,1,-1,-1,-1
15,3069,343.82,199.98,30.93,70.19,1,-1,-1,-1
15,3068,207.20,163.21,86.34,195.93,1,-1,-1,-1
16,3069,351.15,201.07,28.54,64.76,1,-1,-1,-1
16,3068,210.61,161.55,86.88,197.16,1,-1,-1,-1
17,3069,352.21,197.70,28.27,64.15,1,-1,-1,-1
17,3068,209.76,161.90,86.80,196.96,1,-1,-1,-1
18,3068,210.02,161.93,86.72,196.79,1,-1,-1,-1
19,3068,213.62,160.91,94.11,213.55,1,-1,-1,-1
20,3068,218.54,183.67,81.22,184.30,1,-1,-1,-1
21,3068,210.88,176.60,86.00,195.16,1,-1,-1,-1
22,3068,213.51,163.06,94.07,213.47,1,-1,-1,-1
23,3068,215.30,161.59,94.79,215.11,1,-1,-1,-1
37,3081,451.20,206.57,28.15,63.89,1,-1,-1,-1
38,3081,452.96,193.47,33.27,75.51,1,-1,-1,-1
39,3081,458.30,203.07,26.72,60.62,1,-1,-1,-1
40,3081,462.44,208.71,25.87,58.71,1,-1,-1,-1
123,3100,497.00,187.00,36.77,83.44,1,-1,-1,-1
124,3100,500.63,198.52,31.23,70.88,1,-1,-1,-1
125,3100,499.33,193.55,33.21,75.37,1,-1,-1,-1
129,3100,501.11,196.42,30.41,69.01,1,-1,-1,-1
130,3100,503.62,199.99,28.52,64.72,1,-1,-1,-1
131,3103,282.89,192.59,28.18,63.96,1,-1,-1,-1
131,3100,503.40,201.54,26.11,59.26,1,-1,-1,-1
132,3103,281.64,193.34,28.27,64.15,1,-1,-1,-1
132,3100,502.94,204.24,25.90,58.77,1,-1,-1,-1
138,3103,285.14,193.01,28.33,64.28,1,-1,-1,-1
157,3109,484.61,166.19,47.17,107.03,1,-1,-1,-1
161,3110,492.16,187.63,39.53,89.70,1,-1,-1,-1
162,3110,490.96,198.26,29.45,66.82,1,-1,-1,-1
163,3110,491.63,200.49,30.49,69.20,1,-1,-1,-1
164,3110,496.30,200.09,30.75,69.78,1,-1,-1,-1
165,3110,491.90,188.53,36.42,82.63,1,-1,-1,-1
166,3110,493.39,195.18,33.92,76.97,1,-1,-1,-1
167,3110,489.99,197.33,33.56,76.15,1,-1,-1,-1
168,3110,490.01,186.17,39.63,89.92,1,-1,-1,-1
169,3110,491.20,184.63,40.17,91.15,1,-1,-1,-1
170,3110,490.88,184.92,40.11,91.01,1,-1,-1,-1
181,3112,496.04,184.21,39.97,90.70,1,-1,-1,-1
182,3112,495.19,195.91,34.17,77.54,1,-1,-1,-1
183,3112,495.69,186.44,39.55,89.76,1,-1,-1,-1
184,3112,497.33,184.65,40.10,90.99,1,-1,-1,-1
185,3112,499.94,199.50,29.27,66.42,1,-1,-1,-1
186,3112,503.37,201.52,27.96,63.44,1,-1,-1,-1
187,3112,501.69,200.07,30.47,69.15,1,-1,-1,-1
188,3112,500.21,201.27,28.46,64.58,1,-1,-1,-1
189,3112,498.82,196.95,33.20,75.34,1,-1,-1,-1
196,3112,497.74,200.22,30.56,69.34,1,-1,-1,-1
197,3112,501.99,204.59,26.46,60.04,1,-1,-1,-1
198,3112,497.99,200.25,30.52,69.27,1,-1,-1,-1
199,3112,496.76,199.94,30.93,70.18,1,-1,-1,-1
200,3112,499.63,201.07,28.55,64.79,1,-1,-1,-1
201,3112,497.47,199.81,30.66,69.57,1,-1,-1,-1
202,3112,499.50,201.21,28.52,64.73,1,-1,-1,-1
203,3112,497.50,199.78,30.66,69.57,1,-1,-1,-1
204,3112,498.79,204.78,26.36,59.82,1,-1,-1,-1
208,3112,491.74,184.37,36.21,82.16,1,-1,-1,-1
213,3114,490.77,208.67,26.22,59.50,1,-1,-1,-1
214,3114,490.94,206.28,28.17,63.92,1,-1,-1,-1
215,3114,491.02,205.92,28.37,64.37,1,-1,-1,-1
216,3114,487.54,204.81,30.73,69.73,1,-1,-1,-1
217,3114,480.73,189.38,36.51,82.85,1,-1,-1,-1
218,3115,500.23,164.13,47.35,107.46,1,-1,-1,-1
218,3114,485.94,202.87,29.16,66.17,1,-1,-1,-1
219,3114,482.96,205.51,30.58,69.39,1,-1,-1,-1
221,3116,169.66,97.68,125.53,284.85,1,-1,-1,-1
222,3116,185.73,98.08,125.53,284.85,1,-1,-1,-1
223,3116,190.20,100.71,105.42,239.22,1,-1,-1,-1
224,3116,187.08,78.99,123.75,280.82,1,-1,-1,-1
225,3116,189.58,79.25,125.74,285.33,1,-1,-1,-1
226,3116,202.24,110.09,105.68,239.80,1,-1,-1,-1
227,3116,204.52,102.00,103.42,234.67,1,-1,-1,-1
228,3116,217.29,110.79,103.60,235.09,1,-1,-1,-1
229,3116,220.79,115.09,103.83,235.61,1,-1,-1,-1
230,3116,220.20,91.39,111.48,252.98,1,-1,-1,-1
240,3123,288.76,124.35,86.08,195.33,1,-1,-1,-1
241,3123,290.70,121.12,86.73,196.82,1,-1,-1,-1
250,3129,303.73,124.37,80.12,181.82,1,-1,-1,-1
251,3129,315.39,125.18,80.00,181.54,1,-1,-1,-1
252,3129,317.44,124.96,79.99,181.52,1,-1,-1,-1
253,3129,326.76,125.02,80.00,181.53,1,-1,-1,-1
254,3129,329.55,125.00,80.00,181.54,1,-1,-1,-1
255,3129,329.20,137.26,74.64,169.38,1,-1,-1,-1
256,3136,430.57,137.70,80.09,181.74,1,-1,-1,-1
260,3136,377.13,123.16,93.11,211.30,1,-1,-1,-1
261,3136,362.17,129.15,94.82,215.17,1,-1,-1,-1
262,3136,335.74,129.89,103.66,235.23,1,-1,-1,-1
263,3136,309.93,122.08,111.87,253.87,1,-1,-1,-1
264,3136,300.79,129.14,104.94,238.14,1,-1,-1,-1
268,3136,297.99,126.68,73.19,166.09,1,-1,-1,-1
269,3136,301.62,144.64,62.21,141.16,1,-1,-1,-1
280,3151,248.89,205.11,61.78,140.19,1,-1,-1,-1
287,3155,189.83,228.82,63.22,143.46,1,-1,-1,-1
288,3157,224.38,204.01,56.27,127.69,1,-1,-1,-1
288,3155,189.47,230.04,73.40,166.57,1,-1,-1,-1
289,3157,241.01,208.67,57.05,129.47,1,-1,-1,-1
289,3155,201.37,221.02,74.45,168.95,1,-1,-1,-1
290,3155,215.31,230.68,79.80,181.08,1,-1,-1,-1
291,3155,234.51,241.53,74.88,169.91,1,-1,-1,-1
292,3155,229.72,220.63,93.42,211.99,1,-1,-1,-1
293,3155,233.92,210.14,103.90,235.77,1,-1,-1,-1
294,3155,249.39,222.52,104.55,237.25,1,-1,-1,-1
295,3155,257.89,246.48,95.46,216.62,1,-1,-1,-1
300,3164,418.65,161.00,74.29,168.57,1,-1,-1,-1
301,3164,429.82,161.00,74.29,168.57,1,-1,-1,-1
302,3164,428.53,150.35,79.67,180.78,1,-1,-1,-1
303,3165,395.45,197.52,44.21,100.32,1,-1,-1,-1
303,3164,445.75,157.47,69.01,156.60,1,-1,-1,-1
304,3165,396.11,196.40,44.00,99.84,1,-1,-1,-1
304,3164,453.53,159.75,73.68,167.20,1,-1,-1,-1
305,3165,403.55,198.38,40.30,91.45,1,-1,-1,-1
305,3164,458.66,159.82,68.43,155.29,1,-1,-1,-1
306,3168,343.21,205.00,48.64,110.39,1,-1,-1,-1
306,3165,392.29,192.10,51.28,116.36,1,-1,-1,-1
306,3164,465.21,171.55,62.42,141.64,1,-1,-1,-1
307,3168,335.72,196.21,51.59,117.07,1,-1,-1,-1
307,3165,387.98,193.64,48.43,109.90,1,-1,-1,-1
308,3168,338.22,184.15,56.58,128.40,1,-1,-1,-1
308,3165,402.32,212.52,40.60,92.12,1,-1,-1,-1
309,3171,498.67,139.18,111.70,253.48,1,-1,-1,-1
309,3169,296.57,180.56,58.14,131.94,1,-1,-1,-1
309,3168,346.98,183.87,57.03,129.42,1,-1,-1,-1
309,3165,409.32,202.68,47.24,107.20,1,-1,-1,-1
310,3171,481.25,135.49,124.97,283.59,1,-1,-1,-1
310,3169,295.36,229.48,40.35,91.57,1,-1,-1,-1
310,3168,348.18,191.28,56.97,129.29,1,-1,-1,-1
310,3165,410.21,199.44,47.97,108.85,1,-1,-1,-1
311,3171,479.47,137.05,126.03,285.99,1,-1,-1,-1
311,3168,355.32,193.35,56.92,129.16,1,-1,-1,-1
311,3165,384.36,176.66,61.51,139.58,1,-1,-1,-1
312,3171,479.93,136.52,125.82,285.51,1,-1,-1,-1
312,3168,357.40,192.89,56.89,129.10,1,-1,-1,-1
312,3165,378.82,173.10,62.62,142.10,1,-1,-1,-1
313,3171,479.92,121.29,125.65,285.12,1,-1,-1,-1
313,3168,356.90,193.02,56.88,129.08,1,-1,-1,-1
313,3165,376.30,182.72,57.48,130.44,1,-1,-1,-1
314,3171,464.37,148.35,125.57,284.95,1,-1,-1,-1
314,3168,359.99,184.87,61.91,140.49,1,-1,-1,-1
315,3168,364.15,178.81,67.84,153.95,1,-1,-1,-1
316,3177,336.08,183.40,66.02,149.81,1,-1,-1,-1
316,3168,365.11,178.82,68.29,154.97,1,-1,-1,-1
317,3177,326.50,195.28,61.92,140.51,1,-1,-1,-1
318,3177,316.14,174.72,73.29,166.30,1,-1,-1,-1
319,3179,20.83,147.91,74.83,169.80,1,-1,-1,-1
319,3178,412.83,193.58,62.36,141.51,1,-1,-1,-1
319,3177,326.78,162.85,79.83,181.15,1,-1,-1,-1
320,3179,19.50,150.78,74.23,168.44,1,-1,-1,-1
320,3178,427.13,180.45,67.76,153.75,1,-1,-1,-1
320,3177,340.10,161.50,80.30,182.22,1,-1,-1,-1
321,3178,445.42,178.51,68.22,154.81,1,-1,-1,-1
321,3177,352.21,161.85,80.16,181.91,1,-1,-1,-1
322,3178,467.06,169.90,68.15,154.65,1,-1,-1,-1
322,3177,367.14,149.51,86.34,195.93,1,-1,-1,-1
323,3181,58.30,123.64,79.68,180.81,1,-1,-1,-1
323,3178,485.92,160.85,73.97,167.85,1,-1,-1,-1
324,3181,64.81,127.97,74.82,169.78,1,-1,-1,-1
324,3178,499.91,167.46,68.64,155.76,1,-1,-1,-1
325,3181,66.30,126.62,74.22,168.43,1,-1,-1,-1
325,3178,518.48,159.82,67.98,154.25,1,-1,-1,-1
326,3181,65.97,127.19,74.22,168.42,1,-1,-1,-1
327,3183,540.26,137.22,86.91,197.22,1,-1,-1,-1
327,3181,66.03,117.96,74.26,168.50,1,-1,-1,-1
328,3184,435.41,148.41,86.12,195.43,1,-1,-1,-1
328,3183,555.68,133.23,87.17,197.82,1,-1,-1,-1
329,3184,446.13,204.19,58.69,133.18,1,-1,-1,-1
329,3183,562.50,147.44,80.68,183.08,1,-1,-1,-1
333,3185,432.40,130.46,95.64,217.03,1,-1,-1,-1
334,3185,441.69,116.64,103.43,234.72,1,-1,-1,-1
335,3185,445.01,104.73,111.72,253.53,1,-1,-1,-1
336,3187,563.24,107.56,94.46,214.36,1,-1,-1,-1
336,3185,444.49,113.17,104.88,237.99,1,-1,-1,-1
337,3185,458.92,91.54,111.51,253.05,1,-1,-1,-1
338,3185,461.52,77.86,124.90,283.43,1,-1,-1,-1
339,3185,460.71,78.91,126.01,285.93,1,-1,-1,-1
340,3185,476.49,78.57,125.81,285.49,1,-1,-1,-1
341,3185,480.77,78.90,125.65,285.11,1,-1,-1,-1
342,3185,479.78,78.95,125.57,284.95,1,-1,-1,-1
343,3185,512.09,78.98,125.54,284.88,1,-1,-1,-1
344,3191,221.47,166.87,39.45,89.53,1,-1,-1,-1
345,3191,214.39,172.30,40.06,90.90,1,-1,-1,-1
346,3193,52.86,124.57,74.98,170.14,1,-1,-1,-1
346,3191,207.85,170.13,43.69,99.14,1,-1,-1,-1
347,3193,68.88,145.20,68.43,155.29,1,-1,-1,-1
347,3191,206.74,169.86,43.99,99.82,1,-1,-1,-1
348,3193,79.91,139.42,67.80,153.86,1,-1,-1,-1
348,3191,212.76,169.91,43.93,99.69,1,-1,-1,-1
349,3193,91.58,152.20,62.43,141.66,1,-1,-1,-1
349,3191,219.43,177.86,40.28,91.40,1,-1,-1,-1
352,3196,193.63,170.50,43.82,99.43,1,-1,-1,-1
353,3197,36.27,209.15,26.86,60.94,1,-1,-1,-1
353,3196,189.82,163.49,47.62,108.06,1,-1,-1,-1
354,3196,199.89,167.10,40.63,92.20,1,-1,-1,-1
357,3199,164.15,128.90,67.62,153.44,1,-1,-1,-1
358,3202,123.95,137.95,68.04,154.40,1,-1,-1,-1
358,3199,165.23,134.76,68.13,154.60,1,-1,-1,-1
359,3202,122.01,168.08,62.58,142.02,1,-1,-1,-1
359,3199,167.81,147.29,73.99,167.90,1,-1,-1,-1
360,3202,129.45,175.79,62.04,140.78,1,-1,-1,-1
360,3199,166.29,166.10,68.66,155.79,1,-1,-1,-1
361,3202,124.07,173.73,62.11,140.93,1,-1,-1,-1
361,3199,164.64,168.36,67.98,154.27,1,-1,-1,-1
362,3202,121.53,165.93,62.17,141.08,1,-1,-1,-1
362,3199,165.13,159.79,67.97,154.25,1,-1,-1,-1
363,3199,176.83,171.53,62.55,141.94,1,-1,-1,-1
364,3199,176.76,168.98,67.53,153.23,1,-1,-1,-1
365,3199,175.85,167.84,68.10,154.53,1,-1,-1,-1
366,3202,123.70,162.09,67.62,153.43,1,-1,-1,-1
367,3202,137.97,155.27,62.68,142.24,1,-1,-1,-1
368,3202,161.12,147.54,67.61,153.43,1,-1,-1,-1
369,3202,168.52,137.02,79.41,180.20,1,-1,-1,-1
369,3199,205.57,158.73,68.04,154.41,1,-1,-1,-1
370,3202,175.39,155.44,69.27,157.19,1,-1,-1,-1
370,3199,205.81,148.76,79.33,180.02,1,-1,-1,-1
371,3202,178.86,164.11,62.47,141.75,1,-1,-1,-1
371,3199,224.17,163.33,63.84,144.87,1,-1,-1,-1
372,3202,184.56,158.51,67.41,152.96,1,-1,-1,-1
372,3199,228.12,158.34,67.40,152.94,1,-1,-1,-1
373,3202,196.63,163.74,62.59,142.02,1,-1,-1,-1
373,3199,219.39,172.11,62.50,141.82,1,-1,-1,-1
374,3199,209.08,174.59,62.04,140.77,1,-1,-1,-1
375,3199,215.52,176.39,57.09,129.56,1,-1,-1,-1
376,3199,217.11,165.48,61.71,140.04,1,-1,-1,-1
377,3207,279.90,217.84,41.51,94.20,1,-1,-1,-1
377,3199,217.49,158.01,67.74,153.72,1,-1,-1,-1
378,3208,34.00,81.50,125.53,284.85,1,-1,-1,-1
379,3209,447.39,192.45,40.31,91.48,1,-1,-1,-1
379,3208,34.00,77.80,125.53,284.85,1,-1,-1,-1
382,3210,279.34,158.00,68.04,154.40,1,-1,-1,-1
383,3210,281.61,166.29,68.04,154.40,1,-1,-1,-1
383,3209,446.58,203.21,36.97,83.90,1,-1,-1,-1
384,3210,272.23,152.80,73.92,167.75,1,-1,-1,-1
385,3210,280.52,149.21,74.46,168.97,1,-1,-1,-1
386,3211,226.08,157.34,67.72,153.66,1,-1,-1,-1
386,3210,283.53,150.02,74.40,168.82,1,-1,-1,-1
387,3211,228.38,163.97,62.77,142.43,1,-1,-1,-1
387,3210,272.97,149.91,74.33,168.68,1,-1,-1,-1
387,3209,428.61,191.91,40.08,90.96,1,-1,-1,-1
388,3210,270.50,149.99,74.30,168.61,1,-1,-1,-1
388,3209,424.12,191.94,40.06,90.89,1,-1,-1,-1
389,3210,271.12,149.99,74.29,168.58,1,-1,-1,-1
390,3212,507.16,130.34,104.22,236.51,1,-1,-1,-1
390,3210,266.72,171.26,63.01,142.99,1,-1,-1,-1
391,3212,508.31,129.61,104.09,236.20,1,-1,-1,-1
391,3211,208.46,159.89,67.70,153.62,1,-1,-1,-1
391,3210,260.20,160.91,67.35,152.82,1,-1,-1,-1
392,3212,507.88,116.86,104.03,236.07,1,-1,-1,-1
392,3211,207.74,163.12,62.76,142.42,1,-1,-1,-1
392,3210,261.52,166.39,57.54,130.57,1,-1,-1,-1
393,3212,499.30,113.56,124.35,282.17,1,-1,-1,-1
393,3211,198.63,158.41,67.64,153.50,1,-1,-1,-1
393,3210,242.17,158.35,67.13,152.32,1,-1,-1,-1
394,3212,498.78,102.32,126.11,286.17,1,-1,-1,-1
394,3211,196.60,157.89,68.14,154.63,1,-1,-1,-1
394,3210,244.36,163.71,62.72,142.31,1,-1,-1,-1
395,3212,498.80,96.37,125.90,285.69,1,-1,-1,-1
395,3211,197.05,157.91,68.12,154.57,1,-1,-1,-1
395,3210,248.48,158.26,67.66,153.53,1,-1,-1,-1
396,3211,187.92,157.96,68.07,154.47,1,-1,-1,-1
396,3210,244.80,174.11,57.74,131.03,1,-1,-1,-1
397,3211,188.32,171.90,62.60,142.05,1,-1,-1,-1
397,3210,238.59,168.35,67.20,152.49,1,-1,-1,-1
398,3211,196.60,174.61,62.04,140.79,1,-1,-1,-1
398,3210,243.03,182.53,57.78,131.12,1,-1,-1,-1
399,3211,198.42,174.03,62.11,140.94,1,-1,-1,-1
399,3210,245.12,167.16,61.72,140.05,1,-1,-1,-1
400,3211,196.76,160.13,67.66,153.54,1,-1,-1,-1
400,3210,238.14,150.18,73.62,167.05,1,-1,-1,-1
401,3211,187.99,157.42,68.19,154.74,1,-1,-1,-1
401,3210,236.45,170.94,63.43,143.93,1,-1,-1,-1
402,3211,185.45,157.99,68.14,154.62,1,-1,-1,-1
402,3210,228.88,160.60,67.59,153.37,1,-1,-1,-1
403,3211,190.83,174.14,57.66,130.84,1,-1,-1,-1
403,3210,234.73,171.36,62.63,142.11,1,-1,-1,-1
404,3211,189.14,166.00,61.60,139.77,1,-1,-1,-1
404,3210,236.32,166.46,62.09,140.90,1,-1,-1,-1
405,3211,189.07,163.74,62.17,141.07,1,-1,-1,-1
405,3210,235.98,163.54,62.13,140.99,1,-1,-1,-1
406,3211,188.98,164.07,62.23,141.21,1,-1,-1,-1
406,3210,242.10,167.35,57.17,129.74,1,-1,-1,-1
407,3210,246.03,162.76,52.11,118.25,1,-1,-1,-1
408,3210,237.25,154.45,61.42,139.38,1,-1,-1,-1
409,3210,241.77,165.73,57.38,130.21,1,-1,-1,-1
410,3211,188.71,154.19,62.76,142.42,1,-1,-1,-1
410,3210,237.18,164.00,61.89,140.44,1,-1,-1,-1
411,3211,180.81,155.12,62.15,141.04,1,-1,-1,-1
411,3210,228.30,156.57,62.33,141.44,1,-1,-1,-1
412,3211,171.19,162.46,62.15,141.04,1,-1,-1,-1
412,3210,226.63,161.90,62.30,141.36,1,-1,-1,-1
413,3211,169.73,157.03,62.19,141.12,1,-1,-1,-1
413,3210,233.95,160.22,57.25,129.91,1,-1,-1,-1
414,3211,172.85,165.09,57.20,129.80,1,-1,-1,-1
414,3210,227.89,164.93,56.73,128.72,1,-1,-1,-1
415,3211,170.29,156.96,61.76,140.14,1,-1,-1,-1
415,3210,217.89,157.06,61.82,140.28,1,-1,-1,-1
416,3211,161.74,154.59,62.27,141.31,1,-1,-1,-1
416,3210,209.38,161.88,62.33,141.44,1,-1,-1,-1
417,3211,159.54,162.42,62.28,141.32,1,-1,-1,-1
417,3210,213.11,176.37,52.77,119.74,1,-1,-1,-1
418,3211,163.69,167.50,57.24,129.89,1,-1,-1,-1
418,3210,209.03,168.36,56.33,127.83,1,-1,-1,-1
419,3211,157.53,166.95,56.72,128.72,1,-1,-1,-1
419,3210,207.83,174.26,56.84,128.98,1,-1,-1,-1
420,3211,155.69,167.17,56.78,128.84,1,-1,-1,-1
420,3210,200.64,169.02,56.89,129.10,1,-1,-1,-1
421,3211,148.71,167.03,56.83,128.97,1,-1,-1,-1
421,3210,192.02,166.49,56.89,129.09,1,-1,-1,-1
422,3222,281.48,194.32,28.40,64.45,1,-1,-1,-1
422,3211,146.60,167.02,56.86,129.03,1,-1,-1,-1
422,3210,188.78,156.53,61.91,140.50,1,-1,-1,-1
423,3222,271.31,190.46,30.60,69.44,1,-1,-1,-1
423,3211,139.71,159.61,56.87,129.06,1,-1,-1,-1
423,3210,183.56,165.09,57.38,130.21,1,-1,-1,-1
424,3222,262.44,186.74,33.41,75.81,1,-1,-1,-1
424,3211,131.51,146.20,61.91,140.49,1,-1,-1,-1
424,3210,181.59,167.40,56.82,128.93,1,-1,-1,-1
425,3222,260.37,186.09,31.12,70.62,1,-1,-1,-1
425,3211,129.50,155.99,57.38,130.20,1,-1,-1,-1
425,3210,182.42,169.28,52.24,118.55,1,-1,-1,-1
426,3222,255.78,185.92,30.83,69.95,1,-1,-1,-1
426,3211,122.27,158.42,56.82,128.93,1,-1,-1,-1
426,3210,174.26,159.35,56.43,128.05,1,-1,-1,-1
427,3222,247.27,177.47,33.37,75.72,1,-1,-1,-1
427,3211,113.33,157.98,56.82,128.93,1,-1,-1,-1
427,3210,173.83,160.85,52.35,118.79,1,-1,-1,-1
428,3224,420.67,87.52,125.59,284.99,1,-1,-1,-1
428,3222,241.72,180.08,31.09,70.54,1,-1,-1,-1
428,3211,111.70,150.66,56.85,129.01,1,-1,-1,-1
428,3210,165.53,150.51,56.50,128.22,1,-1,-1,-1
429,3224,390.22,92.41,125.55,284.89,1,-1,-1,-1
429,3222,236.70,181.20,30.81,69.92,1,-1,-1,-1
429,3211,104.69,148.62,56.87,129.05,1,-1,-1,-1
429,3210,165.56,152.57,52.38,118.87,1,-1,-1,-1
430,3224,365.58,115.82,125.54,284.86,1,-1,-1,-1
430,3222,227.63,181.00,30.81,69.93,1,-1,-1,-1
430,3211,102.59,149.10,56.87,129.06,1,-1,-1,-1
430,3210,159.53,159.67,51.91,117.81,1,-1,-1,-1
431,3224,385.84,110.85,96.70,219.43,1,-1,-1,-1
431,3222,225.61,181.03,30.83,69.97,1,-1,-1,-1
431,3211,103.10,148.98,56.88,129.07,1,-1,-1,-1
431,3210,157.67,154.85,51.93,117.85,1,-1,-1,-1
432,3224,368.88,70.32,102.48,232.55,1,-1,-1,-1
432,3222,222.81,176.89,30.84,69.99,1,-1,-1,-1
432,3211,102.44,159.51,52.31,118.70,1,-1,-1,-1
432,3210,159.99,161.36,48.12,109.19,1,-1,-1,-1
433,3224,329.77,73.38,124.05,281.49,1,-1,-1,-1
433,3222,215.89,175.42,33.39,75.77,1,-1,-1,-1
433,3210,154.29,163.49,47.75,108.37,1,-1,-1,-1
434,3222,216.70,183.33,28.76,65.25,1,-1,-1,-1
434,3210,152.74,163.01,47.81,108.49,1,-1,-1,-1
435,3222,212.81,181.35,30.60,69.44,1,-1,-1,-1
435,3210,146.52,157.31,47.86,108.60,1,-1,-1,-1
436,3222,207.73,176.88,30.84,69.99,1,-1,-1,-1
436,3210,141.93,152.68,51.75,117.43,1,-1,-1,-1
437,3222,203.53,175.77,30.86,70.03,1,-1,-1,-1
437,3210,138.42,142.50,56.70,128.66,1,-1,-1,-1
438,3210,138.31,153.89,48.72,110.56,1,-1,-1,-1
439,3210,134.36,153.42,51.62,117.14,1,-1,-1,-1
442,3229,517.65,81.87,125.53,284.85,1,-1,-1,-1
444,3232,245.10,79.00,125.53,284.85,1,-1,-1,-1
445,3232,247.91,79.00,125.53,284.85,1,-1,-1,-1
446,3232,246.74,79.00,125.53,284.85,1,-1,-1,-1
447,3234,465.23,137.14,106.23,241.06,1,-1,-1,-1
447,3232,231.45,79.00,125.53,284.85,1,-1,-1,-1
448,3236,139.12,162.62,48.38,109.78,1,-1,-1,-1
448,3234,457.03,149.21,103.85,235.67,1,-1,-1,-1
448,3232,227.16,79.00,125.53,284.85,1,-1,-1,-1
449,3236,140.46,160.75,51.76,117.45,1,-1,-1,-1
449,3232,228.21,94.62,125.53,284.85,1,-1,-1,-1
450,3238,58.90,265.87,86.83,197.03,1,-1,-1,-1
450,3236,151.73,163.22,48.24,109.48,1,-1,-1,-1
450,3232,227.95,98.83,125.53,284.85,1,-1,-1,-1
451,3239,212.14,180.94,30.91,70.14,1,-1,-1,-1
451,3238,76.57,268.86,86.73,196.81,1,-1,-1,-1
451,3236,157.17,160.71,51.70,117.33,1,-1,-1,-1
451,3232,228.01,97.80,125.53,284.85,1,-1,-1,-1
452,3238,92.31,271.86,80.44,182.54,1,-1,-1,-1
452,3236,164.78,161.08,52.07,118.15,1,-1,-1,-1
452,3234,479.65,114.31,125.78,285.42,1,-1,-1,-1
452,3232,228.00,98.05,125.53,284.85,1,-1,-1,-1
453,3241,365.52,214.99,40.25,91.34,1,-1,-1,-1
453,3238,106.40,262.27,79.80,181.10,1,-1,-1,-1
453,3236,173.89,163.08,48.21,109.39,1,-1,-1,-1
453,3234,480.01,102.28,125.63,285.08,1,-1,-1,-1
453,3232,228.00,82.37,125.53,284.85,1,-1,-1,-1
454,3241,364.09,221.26,40.07,90.94,1,-1,-1,-1
454,3238,108.48,259.64,79.87,181.25,1,-1,-1,-1
454,3236,180.78,160.80,51.67,117.25,1,-1,-1,-1
454,3234,479.97,96.87,125.57,284.93,1,-1,-1,-1
454,3232,243.61,93.79,125.53,284.85,1,-1,-1,-1
455,3241,366.32,222.16,40.02,90.82,1,-1,-1,-1
455,3238,114.92,244.48,86.23,195.68,1,-1,-1,-1
455,3236,194.87,163.26,48.21,109.39,1,-1,-1,-1
455,3232,247.83,99.03,125.53,284.85,1,-1,-1,-1
456,3241,378.28,221.94,40.01,90.79,1,-1,-1,-1
456,3238,125.23,246.02,94.25,213.87,1,-1,-1,-1
456,3236,198.09,160.73,51.69,117.30,1,-1,-1,-1
456,3232,246.80,97.75,125.53,284.85,1,-1,-1,-1
457,3241,381.83,223.13,43.63,99.01,1,-1,-1,-1
457,3238,140.90,266.06,87.51,198.59,1,-1,-1,-1
457,3232,263.49,82.45,125.53,284.85,1,-1,-1,-1
458,3238,143.43,268.29,86.63,196.58,1,-1,-1,-1
458,3232,267.86,78.16,125.53,284.85,1,-1,-1,-1
459,3238,154.44,268.02,86.59,196.51,1,-1,-1,-1
459,3232,257.70,102.33,112.87,256.12,1,-1,-1,-1
460,3244,482.71,117.53,124.46,282.42,1,-1,-1,-1
460,3238,156.35,251.36,94.06,213.44,1,-1,-1,-1
461,3244,489.89,157.60,105.72,239.90,1,-1,-1,-1
461,3238,155.87,248.32,94.76,215.03,1,-1,-1,-1
462,3245,286.05,79.12,125.96,285.81,1,-1,-1,-1
462,3238,168.27,248.95,94.68,214.86,1,-1,-1,-1
463,3245,285.75,94.26,125.79,285.43,1,-1,-1,-1
463,3238,171.62,261.24,94.60,214.68,1,-1,-1,-1
464,3245,270.33,83.22,125.64,285.09,1,-1,-1,-1
464,3238,170.83,264.63,94.57,214.60,1,-1,-1,-1
465,3245,266.13,77.87,125.57,284.94,1,-1,-1,-1
465,3238,181.35,279.65,87.17,197.81,1,-1,-1,-1
466,3245,267.20,79.25,125.54,284.88,1,-1,-1,-1
466,3238,173.12,266.82,93.87,213.01,1,-1,-1,-1
467,3245,266.95,78.93,125.53,284.86,1,-1,-1,-1
467,3238,180.84,267.72,87.25,198.00,1,-1,-1,-1
468,3245,267.01,79.01,125.53,284.85,1,-1,-1,-1
468,3238,184.70,251.38,93.95,213.20,1,-1,-1,-1
469,3245,267.00,63.38,125.53,284.85,1,-1,-1,-1
469,3238,195.40,265.09,87.29,198.08,1,-1,-1,-1
473,3245,267.00,59.84,125.53,284.85,1,-1,-1,-1
474,3245,267.00,60.04,125.53,284.85,1,-1,-1,-1
475,3245,267.00,59.99,125.53,284.85,1,-1,-1,-1
476,3245,267.00,60.00,125.53,284.85,1,-1,-1,-1
477,3245,267.00,60.00,125.53,284.85,1,-1,-1,-1
478,3245,286.68,70.80,112.87,256.12,1,-1,-1,-1
479,3245,271.18,75.96,124.38,282.23,1,-1,-1,-1
480,3245,266.05,64.29,125.67,285.16,1,-1,-1,-1
481,3245,267.14,74.37,125.67,285.17,1,-1,-1,-1
482,3245,250.48,64.40,125.59,284.99,1,-1,-1,-1
483,3245,246.13,58.88,125.55,284.90,1,-1,-1,-1
484,3245,231.59,75.87,125.54,284.87,1,-1,-1,-1
485,3245,236.11,88.91,112.87,256.13,1,-1,-1,-1
486,3245,238.57,74.05,111.59,253.21,1,-1,-1,-1
487,3259,384.26,220.24,85.18,193.30,1,-1,-1,-1
487,3245,236.88,80.79,104.21,236.48,1,-1,-1,-1
488,3245,243.08,78.17,94.74,214.99,1,-1,-1,-1
489,3245,254.36,87.40,80.35,182.33,1,-1,-1,-1
490,3245,264.81,91.41,62.43,141.66,1,-1,-1,-1
491,3245,261.09,85.05,66.64,151.23,1,-1,-1,-1
492,3245,260.10,85.81,67.66,153.53,1,-1,-1,-1
493,3245,245.25,73.00,93.08,211.22,1,-1,-1,-1
494,3245,231.22,86.67,95.19,216.01,1,-1,-1,-1
495,3245,233.37,68.76,103.84,235.63,1,-1,-1,-1
496,3245,223.66,67.94,111.94,254.01,1,-1,-1,-1
497,3245,232.92,68.18,104.97,238.20,1,-1,-1,-1
498,3245,237.80,68.22,111.54,253.12,1,-1,-1,-1
499,3245,224.05,71.61,112.18,254.56,1,-1,-1,-1
500,3245,220.18,70.67,112.13,254.44,1,-1,-1,-1
501,3245,252.31,90.37,66.37,150.61,1,-1,-1,-1
502,3245,261.75,88.05,52.98,120.21,1,-1,-1,-1
508,3274,340.29,230.29,26.02,59.04,1,-1,-1,-1
509,3274,341.80,225.22,25.84,58.63,1,-1,-1,-1
526,3278,208.00,80.80,125.53,284.85,1,-1,-1,-1
527,3278,224.67,78.13,125.53,284.85,1,-1,-1,-1
528,3278,228.96,79.25,125.53,284.85,1,-1,-1,-1
531,3280,109.74,201.00,51.93,117.84,1,-1,-1,-1
532,3281,306.28,79.36,61.30,139.11,1,-1,-1,-1
532,3280,103.38,207.46,52.18,118.41,1,-1,-1,-1
533,3280,100.96,208.95,48.26,109.50,1,-1,-1,-1
539,3280,120.42,192.48,43.23,98.09,1,-1,-1,-1
540,3280,112.56,142.19,67.06,152.17,1,-1,-1,-1
541,3280,110.88,126.16,74.59,169.26,1,-1,-1,-1
542,3280,110.71,126.48,74.85,169.86,1,-1,-1,-1
543,3280,108.07,124.26,79.92,181.36,1,-1,-1,-1
544,3280,107.86,124.91,80.26,182.13,1,-1,-1,-1
545,3280,97.25,124.79,80.14,181.85,1,-1,-1,-1
546,3289,348.11,59.49,73.79,167.44,1,-1,-1,-1
546,3280,98.85,127.34,74.70,169.51,1,-1,-1,-1
547,3289,362.45,48.90,74.41,168.84,1,-1,-1,-1
547,3280,102.01,109.62,85.84,194.79,1,-1,-1,-1
548,3289,373.33,52.05,68.53,155.51,1,-1,-1,-1
548,3280,103.22,107.55,86.92,197.23,1,-1,-1,-1
549,3280,102.83,107.84,86.84,197.07,1,-1,-1,-1
550,3280,92.30,107.90,86.74,196.84,1,-1,-1,-1
551,3280,84.01,91.28,94.12,213.57,1,-1,-1,-1
552,3280,71.61,100.63,94.78,215.07,1,-1,-1,-1
553,3280,60.30,98.39,103.59,235.06,1,-1,-1,-1
554,3280,46.67,97.66,104.32,236.73,1,-1,-1,-1
563,3296,367.46,28.55,80.46,182.59,1,-1,-1,-1
588,3303,174.56,154.08,68.48,155.39,1,-1,-1,-1
589,3303,149.97,140.40,79.54,180.50,1,-1,-1,-1
590,3303,132.72,135.71,80.41,182.47,1,-1,-1,-1
591,3303,121.79,136.94,80.24,182.08,1,-1,-1,-1
592,3303,98.94,146.70,80.10,181.76,1,-1,-1,-1
619,3314,93.50,137.61,68.23,154.82,1,-1,-1,-1
628,3315,167.42,89.41,111.30,252.56,1,-1,-1,-1
629,3315,172.80,110.24,104.58,237.32,1,-1,-1,-1
630,3315,182.82,120.58,111.40,252.78,1,-1,-1,-1
646,3322,271.88,155.24,75.70,171.77,1,-1,-1,-1
647,3322,267.71,152.92,79.11,179.53,1,-1,-1,-1
648,3322,268.31,148.39,79.80,181.09,1,-1,-1,-1
660,3329,269.09,132.56,79.54,180.49,1,-1,-1,-1
663,3330,199.95,249.87,44.22,100.35,1,-1,-1,-1
674,3334,284.04,150.00,74.29,168.57,1,-1,-1,-1
675,3334,265.14,135.94,85.98,195.10,1,-1,-1,-1
679,3334,260.82,149.48,80.45,182.55,1,-1,-1,-1
686,3341,260.00,139.39,74.29,168.57,1,-1,-1,-1
703,3350,38.26,168.19,88.20,200.14,1,-1,-1,-1
704,3350,14.34,164.68,102.81,233.31,1,-1,-1,-1
705,3350,-1.82,161.31,104.27,236.62,1,-1,-1,-1
722,3355,237.08,241.35,39.97,90.69,1,-1,-1,-1
723,3355,237.13,243.31,33.92,76.98,1,-1,-1,-1
728,3357,84.14,199.56,26.22,59.49,1,-1,-1,-1
729,3357,78.96,188.39,30.56,69.34,1,-1,-1,-1
730,3357,80.49,189.90,33.49,76.00,1,-1,-1,-1
734,3357,62.17,196.99,36.91,83.75,1,-1,-1,-1
735,3357,55.71,194.00,36.86,83.65,1,-1,-1,-1
736,3357,55.95,203.30,31.28,70.98,1,-1,-1,-1
737,3357,48.80,209.95,28.30,64.21,1,-1,-1,-1
738,3357,41.57,201.67,30.51,69.24,1,-1,-1,-1
739,3357,33.97,188.20,36.42,82.65,1,-1,-1,-1
740,3357,30.43,195.24,33.93,77.00,1,-1,-1,-1
741,3357,27.53,200.12,31.04,70.43,1,-1,-1,-1
742,3357,19.50,200.03,30.75,69.77,1,-1,-1,-1
752,3370,79.27,96.12,104.47,237.07,1,-1,-1,-1
753,3370,74.19,98.37,104.25,236.56,1,-1,-1,-1
754,3370,76.44,97.70,104.10,236.22,1,-1,-1,-1
755,3370,75.86,84.85,104.04,236.08,1,-1,-1,-1
756,3374,203.05,129.20,103.97,235.93,1,-1,-1,-1
756,3372,31.14,156.88,43.45,98.60,1,-1,-1,-1
756,3370,66.50,85.12,111.55,253.14,1,-1,-1,-1
757,3374,204.74,131.04,103.44,234.73,1,-1,-1,-1
757,3370,53.91,63.72,124.96,283.57,1,-1,-1,-1
758,3370,36.98,58.67,126.03,286.00,1,-1,-1,-1
763,3376,122.89,168.21,30.93,70.20,1,-1,-1,-1
764,3376,121.55,170.52,30.86,70.04,1,-1,-1,-1
765,3376,121.45,182.63,28.49,64.65,1,-1,-1,-1
766,3376,117.46,181.57,30.63,69.51,1,-1,-1,-1
767,3383,130.75,149.91,56.56,128.36,1,-1,-1,-1
770,3388,170.63,146.71,61.63,139.86,1,-1,-1,-1
770,3386,52.13,146.23,51.27,116.34,1,-1,-1,-1
771,3388,164.98,148.17,57.47,130.42,1,-1,-1,-1
771,3386,48.06,144.56,52.26,118.58,1,-1,-1,-1
772,3388,160.02,145.03,61.92,140.51,1,-1,-1,-1
773,3390,66.33,136.18,62.06,140.84,1,-1,-1,-1
773,3388,151.75,144.94,62.34,141.46,1,-1,-1,-1
774,3390,66.40,140.50,57.47,130.42,1,-1,-1,-1
774,3388,144.24,137.53,67.78,153.80,1,-1,-1,-1
775,3390,60.97,147.57,56.86,129.02,1,-1,-1,-1
775,3388,143.88,136.72,68.24,154.84,1,-1,-1,-1
776,3390,44.56,142.84,56.83,128.96,1,-1,-1,-1
776,3388,135.73,145.10,68.16,154.66,1,-1,-1,-1
777,3390,30.02,127.53,67.40,152.95,1,-1,-1,-1
777,3388,133.54,147.38,68.09,154.51,1,-1,-1,-1
778,3388,124.68,139.45,73.94,167.79,1,-1,-1,-1
779,3394,97.35,178.21,40.00,90.77,1,-1,-1,-1
780,3394,93.29,171.40,43.63,99.01,1,-1,-1,-1
782,3388,113.06,117.64,94.34,214.09,1,-1,-1,-1
783,3388,100.49,117.74,94.91,215.37,1,-1,-1,-1
784,3397,240.47,122.37,111.56,253.15,1,-1,-1,-1
784,3388,91.75,113.18,103.64,235.17,1,-1,-1,-1
785,3397,222.21,129.40,104.75,237.69,1,-1,-1,-1
785,3388,78.79,113.92,104.34,236.77,1,-1,-1,-1
786,3388,65.67,105.23,111.72,253.53,1,-1,-1,-1
787,3388,61.07,113.10,104.82,237.86,1,-1,-1,-1
788,3388,36.98,82.28,124.29,282.03,1,-1,-1,-1
789,3388,17.56,77.96,126.04,286.01,1,-1,-1,-1
792,3402,75.29,97.47,123.68,280.66,1,-1,-1,-1
793,3404,179.59,202.63,33.47,75.95,1,-1,-1,-1
794,3404,178.67,193.26,33.67,76.41,1,-1,-1,-1
795,3404,175.07,202.57,31.09,70.55,1,-1,-1,-1
796,3404,169.25,199.01,36.39,82.59,1,-1,-1,-1
797,3404,163.99,193.60,36.89,83.72,1,-1,-1,-1
798,3404,164.15,191.46,39.89,90.52,1,-1,-1,-1
799,3407,102.07,174.49,47.56,107.93,1,-1,-1,-1
799,3404,170.78,217.42,27.23,61.80,1,-1,-1,-1
800,3407,98.98,174.69,44.36,100.66,1,-1,-1,-1
801,3408,50.51,169.35,48.28,109.57,1,-1,-1,-1
802,3408,49.18,159.65,56.34,127.85,1,-1,-1,-1
803,3408,50.21,157.47,57.08,129.54,1,-1,-1,-1
803,3404,157.22,201.44,36.28,82.33,1,-1,-1,-1
804,3411,199.33,195.60,33.94,77.02,1,-1,-1,-1
804,3408,43.28,157.92,57.01,129.38,1,-1,-1,-1
804,3404,157.50,196.53,40.09,90.97,1,-1,-1,-1
805,3411,201.71,188.71,36.60,83.05,1,-1,-1,-1
805,3408,55.61,157.92,56.93,129.20,1,-1,-1,-1
805,3404,169.33,225.03,27.43,62.24,1,-1,-1,-1
806,3411,202.07,186.48,36.85,83.61,1,-1,-1,-1
806,3408,67.20,157.98,56.90,129.12,1,-1,-1,-1
807,3411,205.63,177.86,43.50,98.72,1,-1,-1,-1
807,3408,68.19,157.99,56.88,129.09,1,-1,-1,-1
808,3411,213.41,185.73,37.48,85.05,1,-1,-1,-1
808,3408,67.95,150.60,56.88,129.08,1,-1,-1,-1
809,3412,170.86,167.40,56.78,128.84,1,-1,-1,-1
809,3411,223.76,190.86,39.74,90.18,1,-1,-1,-1
809,3408,83.09,165.68,52.31,118.70,1,-1,-1,-1
810,3412,181.45,174.13,57.09,129.54,1,-1,-1,-1
810,3411,231.50,192.33,40.02,90.80,1,-1,-1,-1
810,3408,85.63,160.17,56.46,128.12,1,-1,-1,-1
811,3412,182.07,168.93,56.99,129.33,1,-1,-1,-1
811,3411,235.58,193.13,37.00,83.95,1,-1,-1,-1
811,3408,92.55,167.20,52.36,118.82,1,-1,-1,-1
812,3412,181.95,173.83,56.92,129.17,1,-1,-1,-1
812,3411,236.12,193.00,36.68,83.24,1,-1,-1,-1
812,3408,94.36,169.45,51.91,117.79,1,-1,-1,-1
813,3412,182.00,176.50,56.89,129.11,1,-1,-1,-1
813,3411,237.46,191.82,39.76,90.22,1,-1,-1,-1
813,3408,93.96,169.00,51.93,117.84,1,-1,-1,-1
814,3412,179.21,165.28,61.92,140.50,1,-1,-1,-1
814,3411,238.13,192.03,40.07,90.92,1,-1,-1,-1
814,3408,94.03,169.05,51.97,117.93,1,-1,-1,-1
815,3412,188.23,213.77,41.90,95.09,1,-1,-1,-1
815,3411,240.17,184.00,43.68,99.11,1,-1,-1,-1
815,3408,94.00,169.01,51.99,117.97,1,-1,-1,-1
816,3411,238.91,190.55,40.38,91.64,1,-1,-1,-1
816,3408,94.00,169.01,52.00,117.99,1,-1,-1,-1
817,3411,234.23,184.36,43.60,98.94,1,-1,-1,-1
817,3408,86.31,159.30,56.59,128.43,1,-1,-1,-1
818,3411,228.19,182.66,43.92,99.68,1,-1,-1,-1
818,3408,84.65,165.00,57.01,129.38,1,-1,-1,-1
819,3411,225.61,178.35,47.71,108.26,1,-1,-1,-1
819,3408,85.03,167.35,56.96,129.27,1,-1,-1,-1
820,3411,215.95,169.87,51.89,117.74,1,-1,-1,-1
821,3411,206.87,168.60,52.19,118.43,1,-1,-1,-1
822,3411,193.10,166.63,56.69,128.65,1,-1,-1,-1
823,3411,188.47,163.76,62.07,140.86,1,-1,-1,-1
823,3408,50.36,147.61,67.77,153.79,1,-1,-1,-1
824,3411,183.57,166.96,57.48,130.43,1,-1,-1,-1
824,3408,46.06,161.43,62.79,142.49,1,-1,-1,-1
825,3411,178.77,156.27,61.89,140.45,1,-1,-1,-1
825,3408,37.29,164.54,62.16,141.06,1,-1,-1,-1
826,3411,171.65,154.66,62.33,141.44,1,-1,-1,-1
826,3408,23.10,129.38,78.99,179.25,1,-1,-1,-1
827,3411,156.87,156.65,67.77,153.79,1,-1,-1,-1
827,3408,18.99,143.24,69.33,157.33,1,-1,-1,-1
828,3411,154.48,158.19,68.23,154.84,1,-1,-1,-1
829,3411,146.01,148.73,68.16,154.66,1,-1,-1,-1
830,3422,198.52,189.83,57.38,130.20,1,-1,-1,-1
830,3411,130.82,134.02,85.70,194.47,1,-1,-1,-1
831,3411,133.62,148.77,75.67,171.71,1,-1,-1,-1
832,3411,112.23,138.48,79.64,180.73,1,-1,-1,-1
836,3411,74.90,113.77,104.44,236.99,1,-1,-1,-1
837,3411,62.94,113.67,104.24,236.54,1,-1,-1,-1
