3, 3068, 160.1638, 284.1405, 1820.4822, 180.1618, 304.1385, 1820.4822, 0.4407, 156.0009, 262.0026, 184.3247, 326.2764
6, 3069, 270.6814, 218.1391, 1526.8535, 296.9556, 244.4133, 1526.8535, 0.4407, 270.8488, 201.8449, 296.7882, 260.7074
7, 3069, 273.1734, 215.8785, 1531.1403, 301.6708, 244.3760, 1531.1403, 0.4407, 274.4343, 200.6547, 300.4100, 259.5998
7, 3068, 168.5809, 247.4311, 9297.5664, 195.4864, 274.3366, 9297.5664, 0.4407, 150.0288, 188.2577, 214.0386, 333.5100
8, 3069, 280.4959, 219.6411, 1532.9666, 309.0198, 248.1650, 1532.9666, 0.4407, 281.7622, 204.4129, 307.7534, 263.3931
8, 3068, 177.9722, 245.4707, 12363.8818, 205.2283, 272.7269, 12363.8818, 0.4407, 154.6932, 175.3487, 228.5073, 342.8489
9, 3069, 288.7954, 220.5571, 1533.6438, 316.9802, 248.7419, 1533.6438, 0.4407, 289.8893, 205.1529, 315.8863, 264.1461
9, 3068, 181.0733, 243.1310, 12635.5352, 208.4784, 270.5361, 12635.5352, 0.4407, 157.4655, 172.1685, 232.0862, 341.4986
10, 3069, 297.8398, 219.3824, 1803.3706, 325.7657, 247.3082, 1803.3706, 0.4407, 297.7075, 201.3598, 325.8979, 265.3307
10, 3068, 182.6046, 249.8162, 14470.0791, 210.0675, 277.2791, 14470.0791, 0.4407, 156.4090, 172.9444, 236.2631, 354.1509
11, 3069, 305.2311, 220.3247, 1559.6779, 332.9965, 248.0901, 1559.6779, 0.4407, 306.0055, 204.4615, 332.2221, 263.9533
11, 3068, 193.2798, 251.3239, 14609.7568, 220.7689, 278.8129, 14609.7568, 0.4407, 166.9052, 174.0287, 247.1436, 356.1081
12, 3069, 315.5560, 219.6188, 1800.3937, 343.2249, 247.2877, 1800.3937, 0.4407, 315.3069, 201.4942, 343.4740, 265.4123
12, 3068, 202.4227, 253.8344, 12690.3965, 229.9259, 281.3376, 12690.3965, 0.4407, 178.7831, 182.7371, 253.5654, 352.4349
13, 3069, 321.0773, 219.2575, 1826.0775, 348.6882, 246.8685, 1826.0775, 0.4407, 320.6991, 200.8767, 349.0664, 265.2492
13, 3068, 207.6152, 251.8109, 14362.8232, 235.1268, 279.3225, 14362.8232, 0.4407, 181.5923, 175.2997, 261.1497, 355.8337
14, 3069, 333.9850, 220.8987, 2142.8096, 361.5612, 248.4749, 2142.8096, 0.4407, 332.4085, 199.8208, 363.1377, 269.5528
14, 3068, 218.2573, 250.8174, 14551.6016, 245.7738, 278.3339, 14551.6016, 0.4407, 191.9764, 173.7172, 272.0548, 355.4341
15, 3069, 345.5108, 221.2981, 2170.9194, 373.0661, 248.8534, 2170.9194, 0.4407, 343.8234, 199.9818, 374.7535, 270.1697
15, 3068, 236.6135, 247.4128, 16917.0703, 264.1330, 274.9323, 16917.0703, 0.4407, 207.2022, 163.2071, 293.5442, 359.1380
16, 3069, 351.6459, 219.6808, 1848.1139, 379.1888, 247.2236, 1848.1139, 0.4407, 351.1483, 201.0724, 379.6864, 265.8321
16, 3068, 240.2950, 246.3701, 17129.6816, 267.8162, 273.8914, 17129.6816, 0.4407, 210.6142, 161.5515, 297.4970, 358.7100
17, 3069, 352.5772, 216.0082, 1813.6570, 380.1125, 243.5435, 1813.6570, 0.4407, 352.2095, 197.6992, 380.4802, 261.8524
17, 3068, 239.3962, 246.6236, 17095.9043, 266.9185, 274.1460, 17095.9043, 0.4407, 209.7588, 161.9027, 296.5558, 358.8669
18, 3068, 239.6150, 246.5613, 17065.8203, 267.1380, 274.0844, 17065.8203, 0.4407, 210.0162, 161.9274, 296.7368, 358.7183
19, 3068, 246.9078, 253.9236, 20097.1133, 274.4312, 281.4470, 20097.1133, 0.4407, 213.6157, 160.9079, 307.7233, 374.4626
20, 3068, 245.3904, 262.0607, 14968.3262, 272.9140, 289.5843, 14968.3262, 0.4407, 218.5439, 183.6718, 299.7604, 367.9732
21, 3068, 240.1219, 260.4162, 16784.7168, 267.6457, 287.9399, 16784.7168, 0.4407, 210.8822, 176.5962, 296.8854, 371.7599
22, 3068, 246.7838, 256.0307, 20081.5352, 274.3077, 283.5546, 20081.5352, 0.4407, 213.5103, 163.0565, 307.5812, 376.5288
23, 3068, 248.9317, 255.3868, 20391.6211, 276.4557, 282.9107, 20391.6211, 0.4407, 215.2965, 161.5916, 310.0909, 376.7059
37, 3081, 452.1371, 225.3776, 1798.7998, 478.4112, 251.6518, 1798.7998, 0.4407, 451.1967, 206.5698, 479.3515, 270.4596
38, 3081, 455.3517, 216.9782, 2512.3218, 483.8492, 245.4756, 2512.3218, 0.4407, 452.9638, 193.4742, 486.2372, 268.9796
39, 3081, 457.3961, 219.1225, 1619.5743, 485.9200, 247.6464, 1619.5743, 0.4407, 458.3004, 203.0727, 485.0157, 263.6962
40, 3081, 461.2816, 223.9753, 1518.8312, 489.4664, 252.1602, 1518.8312, 0.4407, 462.4384, 208.7139, 488.3095, 267.4216
123, 3100, 502.2474, 215.5809, 3067.8584, 528.5216, 241.8551, 3067.8584, 0.4407, 497.0000, 187.0000, 533.7690, 270.4360
124, 3100, 502.0020, 219.7064, 2213.7773, 530.4995, 248.2038, 2213.7773, 0.4407, 500.6337, 198.5167, 531.8679, 269.3935
125, 3100, 501.6761, 216.9721, 2503.3982, 530.2000, 245.4960, 2503.3982, 0.4407, 499.3309, 193.5486, 532.5453, 268.9195
129, 3100, 502.1353, 216.7501, 2098.6794, 530.4938, 245.1087, 2098.6794, 0.4407, 501.1089, 196.4244, 531.5202, 265.4344
130, 3100, 503.8419, 218.3101, 1846.0416, 531.9225, 246.3907, 1846.0416, 0.4407, 503.6211, 199.9888, 532.1432, 264.7120
131, 3103, 283.8418, 211.4268, 1802.4945, 310.1159, 237.7010, 1802.4945, 0.4407, 282.8871, 192.5861, 311.0707, 256.5417
131, 3100, 502.5062, 217.2169, 1547.4619, 530.4025, 245.1133, 1547.4619, 0.4407, 503.3974, 201.5360, 529.5112, 260.7943
132, 3103, 281.5225, 211.1672, 1813.4550, 310.0199, 239.6646, 1813.4550, 0.4407, 281.6367, 193.3410, 309.9057, 257.4908
132, 3100, 502.0098, 219.7458, 1522.0863, 529.7675, 247.5035, 1522.0863, 0.4407, 502.9393, 204.2394, 528.8381, 263.0099
138, 3103, 284.7045, 210.5473, 1820.7793, 313.9094, 239.7522, 1820.7793, 0.4407, 285.1438, 193.0101, 313.4699, 257.2893
157, 3109, 495.0584, 206.5707, 5048.0967, 521.3326, 232.8449, 5048.0967, 0.4407, 484.6127, 166.1931, 531.7782, 273.2225
161, 3110, 498.7910, 219.3425, 3545.7239, 525.0652, 245.6166, 3545.7239, 0.4407, 492.1638, 187.6297, 531.6926, 277.3295
162, 3110, 491.4390, 217.4266, 1967.7852, 519.9364, 245.9240, 1967.7852, 0.4407, 490.9640, 198.2636, 520.4115, 265.0870
163, 3110, 492.6125, 220.8316, 2110.2537, 521.1363, 249.3555, 2110.2537, 0.4407, 491.6270, 200.4934, 522.1219, 269.6936
164, 3110, 497.5791, 220.8835, 2145.7297, 525.7639, 249.0684, 2145.7297, 0.4407, 496.2964, 200.0863, 527.0466, 269.8657
165, 3110, 496.1469, 215.8798, 3009.1528, 524.0728, 243.8057, 3009.1528, 0.4407, 491.9021, 188.5256, 528.3174, 271.1599
166, 3110, 496.4668, 219.7768, 2610.4668, 524.2322, 247.5421, 2610.4668, 0.4407, 493.3909, 195.1765, 527.3081, 272.1424
167, 3110, 492.9339, 221.5728, 2555.4429, 520.6027, 249.2417, 2555.4429, 0.4407, 489.9894, 197.3319, 523.5472, 273.4825
168, 3110, 496.0209, 217.3292, 3563.2354, 523.6320, 244.9401, 3563.2354, 0.4407, 490.0133, 186.1741, 529.6395, 276.0952
169, 3110, 497.4982, 216.4134, 3661.0110, 525.0744, 243.9896, 3661.0110, 0.4407, 491.2032, 184.6283, 531.3694, 275.7748
170, 3110, 497.1525, 216.6515, 3650.2986, 524.7079, 244.2068, 3650.2986, 0.4407, 490.8765, 184.9226, 530.9839, 275.9356
181, 3112, 502.8867, 216.4202, 3624.8574, 529.1609, 242.6943, 3624.8574, 0.4407, 496.0401, 184.2097, 536.0076, 274.9048
182, 3112, 498.0292, 220.4350, 2649.6760, 526.5267, 248.9324, 2649.6760, 0.4407, 495.1925, 195.9128, 529.3634, 273.4546
183, 3112, 501.2089, 217.0562, 3550.4170, 529.7328, 245.5801, 3550.4170, 0.4407, 495.6934, 186.4385, 535.2483, 276.1978
184, 3112, 503.2906, 216.0582, 3648.7710, 531.4754, 244.2431, 3648.7710, 0.4407, 497.3335, 184.6537, 537.4325, 275.6476
185, 3112, 500.6118, 218.7430, 1943.8619, 528.5377, 246.6689, 1943.8619, 0.4407, 499.9408, 199.4979, 529.2087, 265.9139
186, 3112, 503.4673, 219.3626, 1773.5886, 531.2327, 247.1279, 1773.5886, 0.4407, 503.3716, 201.5250, 531.3283, 264.9655
187, 3112, 503.0973, 220.8079, 2107.3232, 530.7662, 248.4768, 2107.3232, 0.4407, 501.6949, 200.0663, 532.1686, 269.2184
188, 3112, 500.6363, 219.7525, 1837.8346, 528.2473, 247.3635, 1837.8346, 0.4407, 500.2125, 201.2683, 528.6710, 265.8477
189, 3112, 501.6309, 220.8314, 2501.2676, 529.2071, 248.4076, 2501.2676, 0.4407, 498.8190, 196.9499, 532.0190, 272.2891
196, 3112, 498.8512, 220.7192, 2118.5938, 527.1885, 249.0565, 2118.5938, 0.4407, 497.7423, 200.2195, 528.2975, 269.5563
197, 3112, 501.1822, 220.5816, 1588.7825, 529.2518, 248.6513, 1588.7825, 0.4407, 501.9869, 204.5943, 528.4471, 264.6386
198, 3112, 499.3088, 220.9368, 2114.4143, 527.1987, 248.8268, 2114.4143, 0.4407, 497.9913, 200.2476, 528.5163, 269.5159
199, 3112, 498.3431, 221.1514, 2170.6917, 526.0970, 248.9053, 2170.6917, 0.4407, 496.7558, 199.9363, 527.6843, 270.1204
200, 3112, 500.0710, 219.6320, 1849.7080, 527.7346, 247.2956, 1849.7080, 0.4407, 499.6277, 201.0700, 528.1780, 265.8576
201, 3112, 498.9929, 220.7850, 2132.5854, 526.6009, 248.3930, 2132.5854, 0.4407, 497.4690, 199.8063, 528.1248, 269.3717
202, 3112, 499.9748, 219.7838, 1846.1678, 527.5493, 247.3582, 1846.1678, 0.4407, 499.5005, 201.2082, 528.0235, 265.9338
203, 3112, 499.0541, 220.7858, 2133.0706, 526.6084, 248.3400, 2133.0706, 0.4407, 497.5016, 199.7762, 528.1609, 269.3495
204, 3112, 498.2049, 220.9244, 1577.1388, 525.7471, 248.4666, 1577.1388, 0.4407, 498.7945, 204.7835, 525.1575, 264.6075
208, 3112, 495.8174, 211.4195, 2974.8647, 523.8795, 239.4816, 2974.8647, 0.4407, 491.7448, 184.3694, 527.9520, 266.5317
213, 3114, 490.7466, 225.2814, 1560.2806, 517.0207, 251.5555, 1560.2806, 0.4407, 490.7728, 208.6667, 516.9945, 268.1701
214, 3114, 490.7768, 223.9899, 1800.6902, 519.2742, 252.4873, 1800.6902, 0.4407, 490.9408, 206.2769, 519.1102, 270.2003
215, 3114, 490.9406, 223.8490, 1826.1766, 519.4645, 252.3729, 1826.1766, 0.4407, 491.0185, 205.9238, 519.3867, 270.2981
216, 3114, 488.8086, 225.5833, 2142.8438, 516.9933, 253.7681, 2142.8438, 0.4407, 487.5363, 204.8094, 518.2657, 274.5420
217, 3114, 485.0243, 216.8439, 3024.7913, 512.9501, 244.7698, 3024.7913, 0.4407, 480.7324, 189.3824, 517.2421, 272.2313
218, 3115, 510.7649, 204.7211, 5088.3965, 537.0391, 230.9953, 5088.3965, 0.4407, 500.2253, 164.1304, 547.5787, 271.5860
218, 3114, 486.6383, 222.0688, 1929.6024, 514.4036, 249.8341, 1929.6024, 0.4407, 485.9407, 202.8655, 515.1012, 269.0374
219, 3114, 484.4119, 226.3674, 2121.9875, 512.0807, 254.0363, 2121.9875, 0.4407, 482.9565, 205.5057, 513.5361, 274.8980
221, 3116, 219.5706, 227.2477, 35757.2188, 245.2761, 252.9532, 35757.2188, 0.4407, 169.6584, 97.6755, 295.1884, 382.5255
222, 3116, 235.2349, 227.2513, 35757.2188, 261.7484, 253.7648, 35757.2188, 0.4407, 185.7266, 98.0831, 311.2567, 382.9330
223, 3116, 229.4284, 206.8440, 25219.3496, 256.3847, 233.8003, 25219.3496, 0.4407, 190.1956, 100.7107, 295.6176, 339.9336
224, 3116, 235.3606, 205.8026, 34751.5664, 262.5539, 232.9959, 34751.5664, 0.4407, 187.0813, 78.9910, 310.8332, 359.8075
225, 3116, 238.7869, 208.2560, 35877.7812, 266.1141, 235.5831, 35877.7812, 0.4407, 189.5799, 79.2544, 315.3211, 364.5847
226, 3116, 241.3753, 216.2924, 25341.7910, 268.7813, 243.6984, 25341.7910, 0.4407, 202.2396, 110.0938, 307.9170, 349.8970
227, 3116, 242.4982, 205.6129, 24269.1797, 269.9514, 233.0660, 24269.1797, 0.4407, 204.5165, 102.0025, 307.9331, 336.6764
228, 3116, 255.3539, 214.5942, 24355.3926, 282.8354, 242.0757, 24355.3926, 0.4407, 217.2947, 110.7897, 320.8947, 345.8802
229, 3116, 258.9594, 219.1448, 24464.1016, 286.4579, 246.6432, 24464.1016, 0.4407, 220.7932, 115.0866, 324.6241, 350.7015
230, 3116, 262.1862, 204.1261, 28203.5840, 289.6948, 231.6347, 28203.5840, 0.4407, 220.1982, 91.3895, 331.6828, 344.3712
240, 3123, 318.6629, 208.8803, 16813.7090, 344.9370, 235.1544, 16813.7090, 0.4407, 288.7612, 124.3513, 374.8387, 319.6834
241, 3123, 319.8212, 205.2784, 17070.0352, 348.3187, 233.7758, 17070.0352, 0.4407, 290.7043, 121.1194, 377.4355, 317.9348
250, 3129, 331.4847, 202.9661, 14568.0518, 356.1064, 227.5878, 14568.0518, 0.4407, 303.7337, 124.3670, 383.8573, 306.1869
251, 3129, 342.1370, 202.6935, 14522.9824, 368.6512, 229.2077, 14522.9824, 0.4407, 315.3943, 125.1813, 395.3939, 306.7198
252, 3129, 343.8701, 202.1547, 14520.3877, 371.0027, 229.2872, 14520.3877, 0.4407, 317.4402, 124.9598, 397.4326, 306.4821
253, 3129, 353.0928, 202.1191, 14521.7744, 380.4190, 229.4453, 14521.7744, 0.4407, 326.7579, 125.0167, 406.7540, 306.5477
254, 3129, 355.8439, 202.0624, 14522.6406, 383.2531, 229.4716, 14522.6406, 0.4407, 329.5493, 124.9988, 409.5478, 306.5352
255, 3129, 352.7905, 208.2193, 12642.7305, 380.2458, 235.6746, 12642.7305, 0.4407, 329.1974, 137.2573, 403.8389, 306.6366
256, 3136, 458.3045, 216.2581, 14555.7178, 482.9262, 240.8798, 14555.7178, 0.4407, 430.5704, 137.6979, 510.6603, 319.4400
260, 3136, 409.7854, 214.9071, 19674.8887, 437.5923, 242.7139, 19674.8887, 0.4407, 377.1318, 123.1610, 470.2458, 334.4600
261, 3136, 395.7016, 222.8591, 20401.9785, 423.4484, 250.6059, 20401.9785, 0.4407, 362.1657, 129.1483, 456.9843, 344.3167
262, 3136, 373.7200, 233.6575, 24384.2168, 401.4150, 261.3525, 24384.2168, 0.4407, 335.7373, 129.8892, 439.3977, 365.1208
263, 3136, 352.0514, 235.1947, 28400.9043, 379.6882, 262.8315, 28400.9043, 0.4407, 309.9331, 122.0798, 421.8065, 375.9463
264, 3136, 339.4645, 234.4142, 24991.5000, 367.0578, 262.0075, 24991.5000, 0.4407, 300.7892, 129.1400, 405.7330, 367.2817
268, 3136, 320.5491, 195.6921, 12157.2764, 348.6248, 223.7678, 12157.2764, 0.4407, 297.9896, 126.6825, 371.1843, 292.7773
269, 3136, 318.7673, 201.2661, 8780.8721, 346.6768, 229.1756, 8780.8721, 0.4407, 301.6191, 144.6417, 363.8250, 285.8000
280, 3151, 266.6480, 262.0699, 8661.2666, 292.9221, 288.3441, 8661.2666, 0.4407, 248.8947, 205.1101, 310.6754, 345.3040
287, 3155, 208.3024, 287.4106, 9070.0840, 234.5766, 313.6848, 9070.0840, 0.4407, 189.8285, 228.8157, 253.0505, 372.2797
288, 3157, 239.3798, 254.7195, 7185.4717, 265.6540, 280.9937, 7185.4717, 0.4407, 224.3813, 204.0099, 280.6526, 331.7033
288, 3155, 211.9202, 299.0758, 12226.3320, 240.4176, 327.5733, 12226.3320, 0.4407, 189.4677, 230.0418, 262.8702, 396.6074
289, 3157, 255.2861, 259.1552, 7386.5781, 283.7836, 287.6526, 7386.5781, 0.4407, 241.0083, 208.6698, 298.0614, 338.1381
289, 3155, 224.3365, 291.2363, 12578.7451, 252.8604, 319.7602, 12578.7451, 0.4407, 201.3720, 221.0237, 275.8249, 389.9727
290, 3155, 241.1174, 307.1229, 14449.3242, 269.3023, 335.3077, 14449.3242, 0.4407, 215.3114, 230.6771, 295.1083, 411.7535
291, 3155, 257.9867, 312.5223, 12722.2939, 285.9126, 340.4482, 12722.2939, 0.4407, 234.5115, 241.5300, 309.3879, 411.4406
292, 3155, 262.5455, 312.7450, 19803.1289, 290.3109, 340.5103, 19803.1289, 0.4407, 229.7196, 220.6348, 323.1368, 432.6205
293, 3155, 272.0383, 314.1943, 24496.7480, 299.7072, 341.8632, 24496.7480, 0.4407, 233.9229, 210.1423, 337.8226, 445.9152
294, 3155, 287.8630, 327.3370, 24805.4531, 315.4739, 354.9480, 24805.4531, 0.4407, 249.3923, 222.5157, 353.9447, 459.7694
295, 3155, 291.8264, 340.9971, 20677.7930, 319.4026, 368.5733, 20677.7930, 0.4407, 257.8857, 246.4765, 353.3434, 463.0938
300, 3164, 442.6568, 232.1479, 12522.3906, 468.9309, 258.4221, 12522.3906, 0.4407, 418.6508, 161.0000, 492.9369, 329.5700
301, 3164, 452.7133, 231.0363, 12522.3906, 481.2108, 259.5337, 12522.3906, 0.4407, 429.8190, 161.0000, 504.1050, 329.5700
302, 3164, 454.1032, 226.4791, 14402.7168, 482.6271, 255.0030, 14402.7168, 0.4407, 428.5311, 150.3490, 508.1992, 331.1331
303, 3165, 404.4187, 234.5427, 4434.6611, 430.6928, 260.8168, 4434.6611, 0.4407, 395.4523, 197.5218, 439.6593, 297.8377
303, 3164, 466.1643, 221.6774, 10806.4766, 494.3491, 249.8623, 10806.4766, 0.4407, 445.7523, 157.4720, 514.7611, 314.0677
304, 3165, 403.8565, 232.0659, 4392.3545, 432.3540, 260.5633, 4392.3545, 0.4407, 396.1075, 196.3965, 440.1031, 296.2327
304, 3164, 476.4090, 229.3862, 12320.0029, 504.3349, 257.3120, 12320.0029, 0.4407, 453.5305, 159.7478, 527.2136, 326.9504
305, 3165, 409.4414, 229.8439, 3685.1204, 437.9653, 258.3678, 3685.1204, 0.4407, 403.5542, 198.3828, 443.8525, 289.8289
305, 3164, 478.9915, 223.5863, 10626.9121, 506.7568, 251.3516, 10626.9121, 0.4407, 458.6576, 159.8243, 527.0906, 315.1136
306, 3168, 354.3972, 247.0602, 5369.7793, 380.6714, 273.3344, 5369.7793, 0.4407, 343.2118, 205.0037, 391.8568, 315.3909
306, 3165, 403.8336, 236.1941, 5967.0005, 432.0184, 264.3789, 5967.0005, 0.4407, 392.2865, 192.1047, 443.5654, 308.4684
306, 3164, 482.5827, 228.5333, 8841.2666, 510.2516, 256.2022, 8841.2666, 0.4407, 465.2074, 171.5463, 527.6268, 313.1892
307, 3168, 347.2704, 240.4995, 6040.1528, 375.7679, 268.9969, 6040.1528, 0.4407, 335.7231, 196.2107, 387.3152, 313.2857
307, 3165, 398.2346, 234.6262, 5322.3257, 426.1605, 262.5521, 5322.3257, 0.4407, 387.9827, 193.6402, 436.4124, 303.5382
308, 3168, 352.2535, 234.0920, 7265.6270, 380.7774, 262.6159, 7265.6270, 0.4407, 338.2233, 184.1521, 394.8075, 312.5558
308, 3165, 408.7306, 244.6950, 3739.6904, 436.4959, 272.4604, 3739.6904, 0.4407, 402.3154, 212.5174, 442.9110, 304.6380
309, 3171, 541.3813, 252.7784, 28313.8047, 567.6555, 279.0526, 28313.8047, 0.4407, 498.6673, 139.1776, 610.3694, 392.6534
309, 3169, 312.1917, 233.0778, 7671.9160, 339.0972, 259.9833, 7671.9160, 0.4407, 296.5720, 180.5581, 354.7168, 312.5030
309, 3168, 361.4045, 234.4879, 7380.8794, 389.5893, 262.6728, 7380.8794, 0.4407, 346.9813, 183.8711, 404.0124, 313.2896
309, 3165, 419.1004, 242.4452, 5063.9668, 446.7693, 270.1141, 5063.9668, 0.4407, 409.3151, 202.6809, 456.5547, 309.8784
310, 3171, 529.4921, 263.0397, 35440.8555, 557.9895, 291.5372, 35440.8555, 0.4407, 481.2544, 135.4942, 606.2272, 419.0826
310, 3169, 301.9077, 261.6394, 3694.7620, 329.1638, 288.8956, 3694.7620, 0.4407, 295.3603, 229.4846, 335.7112, 321.0504
310, 3168, 362.7058, 241.9577, 7365.9985, 390.6317, 269.8836, 7365.9985, 0.4407, 348.1820, 191.2766, 405.1555, 320.5647
310, 3165, 420.3878, 240.0614, 5221.1602, 447.9988, 267.6723, 5221.1602, 0.4407, 410.2097, 199.4426, 458.1769, 308.2911
311, 3171, 528.2222, 265.7781, 36043.5117, 556.7461, 294.3020, 36043.5117, 0.4407, 479.4686, 137.0455, 605.4997, 423.0346
311, 3168, 369.8963, 244.0461, 7351.4443, 397.6616, 271.8115, 7351.4443, 0.4407, 355.3204, 193.3486, 412.2375, 322.5090
311, 3165, 401.3301, 232.6584, 8585.9277, 428.9063, 260.2346, 8585.9277, 0.4407, 384.3625, 176.6551, 445.8739, 316.2379
312, 3171, 528.7429, 265.1785, 35922.7031, 556.9277, 293.3634, 35922.7031, 0.4407, 479.9255, 136.5164, 605.7453, 422.0255
312, 3168, 372.0089, 243.6045, 7344.8979, 399.6778, 271.2734, 7344.8979, 0.4407, 357.3974, 192.8874, 414.2892, 321.9904
312, 3165, 396.3546, 230.3657, 8897.8135, 423.9099, 257.9210, 8897.8135, 0.4407, 378.8229, 173.0957, 441.4416, 315.1910
313, 3171, 528.7849, 249.8844, 35824.6016, 556.7108, 277.8102, 35824.6016, 0.4407, 479.9238, 121.2879, 605.5718, 406.4067
313, 3168, 371.5343, 243.7530, 7342.4268, 399.1453, 271.3639, 7342.4268, 0.4407, 356.8987, 193.0178, 413.7808, 322.0991
313, 3165, 391.2723, 234.1718, 7497.8506, 418.8151, 261.7146, 7497.8506, 0.4407, 376.3029, 182.7237, 433.7845, 313.1628
314, 3171, 513.2714, 276.9376, 35781.7109, 541.0368, 304.7030, 35781.7109, 0.4407, 464.3677, 148.3463, 589.9405, 433.2943
314, 3168, 377.1574, 241.3250, 8698.3066, 404.7336, 268.9012, 8698.3066, 0.4407, 359.9895, 184.8658, 421.9016, 325.3603
315, 3168, 384.2957, 242.0100, 10444.5117, 411.8511, 269.5654, 10444.5117, 0.4407, 364.1521, 178.8118, 431.9948, 332.7636
316, 3177, 356.7809, 245.9926, 9890.6523, 381.4026, 270.6143, 9890.6523, 0.4407, 336.0821, 183.3963, 402.1015, 333.2107
316, 3168, 385.4801, 242.5292, 10583.2031, 413.0229, 270.0720, 10583.2031, 0.4407, 365.1057, 178.8154, 433.3974, 333.7858
317, 3177, 344.1993, 252.2758, 8700.4697, 370.7136, 278.7900, 8700.4697, 0.4407, 326.4964, 195.2773, 388.4165, 335.7885
318, 3177, 339.2130, 244.3072, 12187.5303, 366.3456, 271.4397, 12187.5303, 0.4407, 316.1365, 174.7226, 389.4221, 341.0243
319, 3179, 45.1049, 219.6738, 12705.7539, 71.3791, 245.9479, 12705.7539, 0.4407, 20.8282, 147.9108, 95.6559, 317.7109
319, 3178, 429.5632, 249.8881, 8824.2617, 458.4620, 278.7868, 8824.2617, 0.4407, 412.8329, 193.5841, 475.1923, 335.0908
319, 3177, 353.0317, 239.7642, 14461.6504, 380.3579, 267.0904, 14461.6504, 0.4407, 326.7795, 162.8502, 406.6102, 344.0044
320, 3179, 42.3665, 220.7442, 12502.3662, 70.8639, 249.2417, 12502.3662, 0.4407, 19.5020, 150.7752, 93.7284, 319.2107
320, 3178, 446.8069, 243.1191, 10417.6514, 475.2163, 271.5285, 10417.6514, 0.4407, 427.1337, 180.4474, 494.8896, 334.2001
320, 3177, 366.5431, 238.9047, 14632.4365, 393.9523, 266.3140, 14632.4365, 0.4407, 340.0974, 161.4989, 420.3979, 343.7198
321, 3178, 465.4888, 241.8737, 10561.8379, 493.5839, 269.9688, 10561.8379, 0.4407, 445.4248, 178.5147, 513.6479, 333.3278
321, 3177, 378.5620, 239.0816, 14582.7725, 406.0173, 266.5369, 14582.7725, 0.4407, 352.2076, 161.8534, 432.3717, 343.7650
322, 3178, 487.1958, 233.2886, 10539.6221, 515.0732, 261.1660, 10539.6221, 0.4407, 467.0588, 169.9022, 535.2102, 324.5524
322, 3177, 396.5650, 233.7305, 16916.7676, 424.0478, 261.2133, 16916.7676, 0.4407, 367.1358, 149.5072, 453.4770, 345.4365
323, 3181, 85.0055, 200.9051, 14406.4463, 111.2797, 227.1793, 14406.4463, 0.4407, 58.3035, 123.6384, 137.9818, 304.4460
323, 3178, 509.0376, 230.9059, 12414.9258, 536.7755, 258.6439, 12414.9258, 0.4407, 485.9234, 160.8522, 559.8898, 328.6977
324, 3181, 87.9707, 198.6117, 12702.4570, 116.4681, 227.1092, 12702.4570, 0.4407, 64.8104, 127.9715, 139.6284, 297.7495
324, 3178, 520.4022, 231.5133, 10691.5332, 548.0548, 259.1659, 10691.5332, 0.4407, 499.9081, 167.4592, 568.5489, 323.2199
325, 3181, 89.1469, 196.5695, 12501.1035, 117.6708, 225.0934, 12501.1035, 0.4407, 66.2975, 126.6180, 140.5202, 295.0450
325, 3178, 538.6719, 223.1469, 10485.6201, 566.2731, 250.7481, 10485.6201, 0.4407, 518.4842, 159.8207, 586.4608, 314.0742
326, 3181, 88.9840, 197.3062, 12500.6553, 117.1688, 225.4910, 12500.6553, 0.4407, 65.9657, 127.1867, 140.1871, 295.6105
327, 3183, 570.5816, 222.6886, 17140.3008, 596.8558, 248.9628, 17140.3008, 0.4407, 540.2638, 137.2160, 627.1736, 334.4354
327, 3181, 89.1963, 188.2538, 12512.5576, 117.1222, 216.1797, 12512.5576, 0.4407, 66.0309, 117.9648, 140.2877, 286.4687
328, 3184, 465.3369, 232.9888, 16830.7930, 491.6111, 259.2630, 16830.7930, 0.4407, 435.4134, 148.4102, 521.5346, 343.8416
328, 3183, 585.0128, 217.8902, 17244.3047, 613.5103, 246.3876, 17244.3047, 0.4407, 555.6750, 133.2303, 642.8480, 331.0474
329, 3184, 461.2292, 256.5318, 7816.1318, 489.7266, 285.0292, 7816.1318, 0.4407, 446.1336, 204.1906, 504.8222, 337.3705
329, 3183, 588.5771, 224.7194, 14771.4072, 617.1011, 253.2433, 14771.4072, 0.4407, 562.4987, 147.4390, 643.1795, 330.5237
333, 3185, 467.0795, 225.8397, 20755.7168, 493.3537, 252.1139, 20755.7168, 0.4407, 432.3981, 130.4638, 528.0351, 347.4898
334, 3185, 479.1632, 219.7506, 24278.1074, 507.6606, 248.2480, 24278.1074, 0.4407, 441.6947, 116.6395, 545.1292, 351.3591
335, 3185, 486.6069, 217.2325, 28325.2207, 515.1308, 245.7564, 28325.2207, 0.4407, 445.0067, 104.7304, 556.7309, 358.2586
336, 3187, 597.3347, 201.6025, 20248.9785, 623.6089, 227.8766, 20248.9785, 0.4407, 563.2407, 107.5592, 657.7029, 321.9199
336, 3185, 482.8322, 218.0706, 24959.1582, 511.0170, 246.2554, 24959.1582, 0.4407, 444.4866, 113.1692, 549.3625, 351.1569
337, 3185, 500.7179, 204.0954, 28217.5977, 528.6437, 232.0213, 28217.5977, 0.4407, 458.9248, 91.5358, 570.4369, 344.5809
338, 3185, 510.0892, 205.6875, 35400.7930, 537.8546, 233.4528, 35400.7930, 0.4407, 461.5209, 77.8559, 586.4230, 361.2844
339, 3185, 509.8801, 208.0430, 36029.1719, 537.5490, 235.7119, 36029.1719, 0.4407, 460.7116, 78.9113, 586.7175, 364.8437
340, 3185, 525.5869, 207.5092, 35917.7695, 553.1979, 235.1201, 35917.7695, 0.4407, 476.4868, 78.5698, 602.2980, 364.0595
341, 3185, 529.7996, 207.6638, 35822.9414, 557.3758, 235.2400, 35822.9414, 0.4407, 480.7652, 78.8958, 606.4102, 364.0081
342, 3185, 528.7866, 207.6408, 35781.1562, 556.3420, 235.1961, 35781.1562, 0.4407, 479.7784, 78.9455, 605.3502, 363.8914
343, 3185, 561.0945, 207.6552, 35765.5000, 588.6374, 235.1980, 35765.5000, 0.4407, 512.0938, 78.9849, 637.6382, 363.8683
344, 3191, 228.0591, 198.4962, 3532.0789, 254.3333, 224.7704, 3532.0789, 0.4407, 221.4699, 166.8697, 260.9225, 256.3969
345, 3191, 220.1744, 203.4990, 3641.5369, 248.6718, 231.9964, 3641.5369, 0.4407, 214.3935, 172.2958, 254.4528, 263.1996
346, 3193, 77.2109, 196.4974, 12756.0156, 103.4851, 222.7716, 12756.0156, 0.4407, 52.8603, 124.5666, 127.8358, 294.7024
346, 3191, 215.4364, 205.4371, 4331.4272, 243.9603, 233.9610, 4331.4272, 0.4407, 207.8537, 170.1284, 251.5431, 269.2698
347, 3193, 88.8462, 208.5966, 10626.6357, 117.3437, 237.0941, 10626.6357, 0.4407, 68.8789, 145.2017, 137.3110, 300.4890
347, 3191, 214.6414, 205.6797, 4390.9351, 242.8262, 233.8646, 4390.9351, 0.4407, 206.7395, 169.8621, 250.7280, 269.6822
348, 3193, 99.5522, 202.0887, 10431.9990, 128.0761, 230.6126, 10431.9990, 0.4407, 79.9129, 139.4213, 147.7154, 293.2800
348, 3191, 220.7643, 205.7910, 4379.8091, 248.6902, 233.7169, 4379.8091, 0.4407, 212.7609, 169.9072, 256.6936, 269.6007
349, 3193, 108.7026, 208.9366, 8843.5967, 136.8874, 237.1214, 8843.5967, 0.4407, 91.5812, 152.1982, 154.0088, 293.8599
349, 3191, 225.6844, 209.6784, 3681.3457, 253.4497, 237.4437, 3681.3457, 0.4407, 219.4282, 177.8615, 259.7059, 269.2607
352, 3196, 202.4066, 207.0789, 4357.0928, 228.6808, 233.3530, 4357.0928, 0.4407, 193.6344, 170.4986, 237.4530, 269.9333
353, 3197, 37.3835, 227.3100, 1636.5992, 62.0052, 251.9317, 1636.5992, 0.4407, 36.2667, 209.1503, 63.1221, 270.0914
353, 3196, 199.3774, 203.2731, 5146.1367, 227.8748, 231.7705, 5146.1367, 0.4407, 189.8155, 163.4899, 237.4368, 271.5536
354, 3196, 205.9484, 198.9427, 3746.4814, 234.4723, 227.4666, 3746.4814, 0.4407, 199.8941, 167.1026, 240.5265, 259.3068
357, 3199, 184.5089, 192.1628, 10374.7803, 211.4144, 219.0683, 10374.7803, 0.4407, 164.1534, 128.8976, 231.7698, 282.3335
358, 3202, 144.8322, 202.0104, 10505.5303, 171.1063, 228.2846, 10505.5303, 0.4407, 123.9487, 137.9475, 191.9897, 292.3475
358, 3199, 185.6649, 198.4390, 10533.4316, 212.9211, 225.6951, 10533.4316, 0.4407, 165.2273, 134.7647, 233.3587, 289.3694
359, 3202, 139.0558, 224.8376, 8888.0879, 167.5533, 253.3351, 8888.0879, 0.4407, 122.0123, 168.0776, 184.5968, 310.0952
359, 3199, 191.1062, 217.5421, 12423.0664, 218.5113, 244.9472, 12423.0664, 0.4407, 167.8134, 147.2944, 241.8041, 315.1949
360, 3202, 146.2074, 231.9188, 8734.0723, 174.7313, 260.4427, 8734.0723, 0.4407, 129.4494, 175.7899, 191.4893, 316.5716
360, 3199, 186.8845, 230.2700, 10696.0576, 214.3475, 257.7329, 10696.0576, 0.4407, 166.2884, 166.1047, 234.9437, 321.8983
361, 3202, 141.0297, 230.1054, 8752.6553, 169.2145, 258.2903, 8752.6553, 0.4407, 124.0692, 173.7322, 186.1750, 314.6635
361, 3199, 184.8864, 231.7481, 10487.4434, 212.3755, 259.2371, 10487.4434, 0.4407, 164.6397, 168.3592, 232.6222, 322.6260
362, 3202, 138.6550, 222.5106, 8771.4395, 166.5809, 250.4365, 8771.4395, 0.4407, 121.5317, 165.9323, 183.7042, 307.0147
362, 3199, 185.3639, 223.1585, 10484.8027, 212.8671, 250.6617, 10484.8027, 0.4407, 165.1286, 159.7864, 233.1025, 314.0339
363, 3199, 194.3554, 228.7483, 8878.9951, 221.8669, 256.2599, 8878.9951, 0.4407, 176.8350, 171.5317, 239.3874, 313.4765
364, 3199, 196.7657, 231.8440, 10347.6006, 224.2823, 259.3605, 10347.6006, 0.4407, 176.7601, 168.9848, 244.2879, 322.2197
365, 3199, 196.1379, 231.3421, 10522.7568, 223.6574, 258.8616, 10522.7568, 0.4407, 175.8493, 167.8387, 243.9461, 322.3651
366, 3202, 143.4243, 224.7213, 10374.4980, 171.5884, 252.8854, 10374.4980, 0.4407, 123.6986, 162.0865, 191.3140, 315.5204
367, 3202, 155.3338, 212.4128, 8916.1455, 183.2967, 240.3757, 8916.1455, 0.4407, 137.9736, 155.2736, 200.6568, 297.5150
368, 3202, 181.0154, 210.3372, 10373.3193, 208.8407, 238.1625, 10373.3193, 0.4407, 161.1222, 147.5372, 228.7338, 300.9624
369, 3202, 194.3681, 213.2645, 14309.2949, 222.0831, 240.9795, 14309.2949, 0.4407, 168.5211, 137.0234, 247.9302, 317.2206
369, 3199, 225.5647, 221.9063, 10506.2744, 253.6207, 249.9624, 10506.2744, 0.4407, 205.5710, 158.7316, 273.6144, 313.1371
370, 3202, 196.2076, 220.2144, 10888.1963, 223.8479, 247.8547, 10888.1963, 0.4407, 175.3932, 155.4411, 244.6623, 312.6281
370, 3199, 231.5266, 224.8278, 14281.8564, 259.4242, 252.7254, 14281.8564, 0.4407, 205.8089, 148.7643, 285.1418, 328.7888
371, 3202, 196.2953, 221.1901, 8855.0420, 223.8893, 248.7841, 8855.0420, 0.4407, 178.8583, 164.1104, 241.3263, 305.8638
371, 3199, 242.1936, 221.8688, 9248.9326, 269.9794, 249.6546, 9248.9326, 0.4407, 224.1655, 163.3258, 288.0076, 308.1977
372, 3202, 204.4762, 221.2136, 10311.0479, 232.0422, 248.7796, 10311.0479, 0.4407, 184.5551, 158.5145, 251.9633, 311.4786
372, 3199, 247.9743, 220.9607, 10308.0605, 275.6656, 248.6520, 10308.0605, 0.4407, 228.1207, 158.3353, 295.5192, 311.2773
373, 3202, 214.1457, 220.9778, 8888.4824, 241.6949, 248.5270, 8888.4824, 0.4407, 196.6274, 163.7420, 259.2132, 305.7628
373, 3199, 236.8240, 229.2044, 8863.2227, 264.4501, 256.8304, 8863.2227, 0.4407, 219.3887, 172.1080, 281.8855, 313.9268
374, 3199, 226.3042, 231.1871, 8733.1582, 253.8896, 258.7726, 8733.1582, 0.4407, 209.0786, 174.5927, 271.1152, 315.3670
375, 3199, 230.2899, 227.3840, 7396.9395, 257.8507, 254.9449, 7396.9395, 0.4407, 215.5236, 176.3852, 272.6171, 305.9436
376, 3199, 234.1947, 221.7266, 8642.5479, 261.7408, 249.2727, 8642.5479, 0.4407, 217.1109, 165.4785, 278.8247, 305.5209
377, 3207, 288.3467, 252.6317, 3910.6260, 312.9684, 277.2534, 3910.6260, 0.4407, 279.9009, 217.8414, 321.4141, 312.0436
377, 3199, 237.5899, 221.1029, 10412.7119, 265.1272, 248.6402, 10412.7119, 0.4407, 217.4886, 158.0133, 285.2284, 311.7298
378, 3208, 83.6279, 210.7845, 35757.2188, 109.9021, 237.0587, 35757.2188, 0.4407, 34.0000, 81.4966, 159.5300, 366.3466
379, 3209, 454.4115, 225.0477, 3687.7253, 480.6857, 251.3218, 3687.7253, 0.4407, 447.3923, 192.4456, 487.7049, 283.9238
379, 3208, 82.5163, 205.9773, 35757.2188, 111.0137, 234.4748, 35757.2188, 0.4407, 34.0000, 77.8011, 159.5300, 362.6510
382, 3210, 301.0474, 222.8892, 10505.5293, 325.6691, 247.5108, 10505.5293, 0.4407, 279.3377, 158.0000, 347.3787, 312.4000
383, 3210, 302.3722, 230.2370, 10505.5303, 328.8864, 256.7513, 10505.5303, 0.4407, 281.6088, 166.2942, 349.6498, 320.6942
383, 3209, 450.6105, 230.7031, 3101.9824, 479.5175, 259.6100, 3101.9824, 0.4407, 446.5776, 203.2070, 483.5504, 287.1061
384, 3210, 295.6267, 223.1111, 12400.9219, 322.7592, 250.2437, 12400.9219, 0.4407, 272.2306, 152.8020, 346.1552, 320.5529
385, 3210, 304.0833, 220.0273, 12581.7705, 331.4095, 247.3535, 12581.7705, 0.4407, 280.5155, 149.2057, 354.9773, 318.1752
386, 3211, 246.8032, 221.0347, 10405.1221, 273.0773, 247.3088, 10405.1221, 0.4407, 226.0826, 157.3417, 293.7978, 311.0018
386, 3210, 307.0242, 220.7257, 12560.0752, 334.4334, 248.1350, 12560.0752, 0.4407, 283.5300, 150.0185, 357.9276, 318.8422
387, 3211, 245.5105, 220.9407, 8939.6982, 274.0079, 249.4381, 8939.6982, 0.4407, 228.3762, 163.9749, 291.1422, 306.4039
387, 3210, 296.4103, 220.5219, 12538.0850, 323.8656, 247.9772, 12538.0850, 0.4407, 272.9717, 149.9117, 347.3041, 318.5874
387, 3209, 434.4073, 223.1492, 3645.9961, 462.8892, 251.6311, 3645.9961, 0.4407, 428.6063, 191.9106, 468.6902, 282.8697
388, 3210, 293.9150, 220.5523, 12528.1465, 321.3978, 248.0350, 12528.1465, 0.4407, 270.5049, 149.9892, 344.8079, 318.5981
388, 3209, 430.0734, 223.3055, 3640.8223, 458.2286, 251.4607, 3640.8223, 0.4407, 424.1233, 191.9358, 464.1787, 282.8304
389, 3210, 294.5121, 220.5333, 12524.3887, 322.0113, 248.0325, 12524.3887, 0.4407, 271.1158, 149.9911, 345.4077, 318.5747
390, 3212, 546.1307, 235.4575, 24650.1484, 572.4049, 261.7316, 24650.1484, 0.4407, 507.1556, 130.3394, 611.3800, 366.8498
390, 3210, 284.4702, 229.0042, 9010.6885, 311.9793, 256.5133, 9010.6885, 0.4407, 266.7174, 171.2621, 329.7321, 314.2554
391, 3212, 546.1029, 233.4657, 24586.4766, 574.6003, 261.9632, 24586.4766, 0.4407, 508.3067, 129.6122, 612.3965, 365.8167
391, 3211, 228.0252, 222.4153, 10399.2920, 256.6001, 250.9902, 10399.2920, 0.4407, 208.4645, 159.8943, 276.1607, 313.5113
391, 3210, 280.1194, 223.5641, 10292.0723, 307.6344, 251.0792, 10292.0723, 0.4407, 260.2037, 160.9102, 327.5501, 313.7332
392, 3212, 545.6368, 220.6373, 24559.3477, 574.1607, 249.1612, 24559.3477, 0.4407, 507.8826, 116.8622, 611.9150, 352.9363
392, 3211, 225.0191, 220.2201, 8938.0000, 253.2306, 248.4316, 8938.0000, 0.4407, 207.7449, 163.1181, 270.5049, 305.5337
392, 3210, 276.5305, 217.9111, 7512.6523, 304.0491, 245.4297, 7512.6523, 0.4407, 261.5207, 166.3865, 319.0590, 296.9543
393, 3212, 547.3839, 240.5493, 35086.9961, 575.5687, 268.7341, 35086.9961, 0.4407, 499.3029, 113.5565, 623.6498, 395.7269
393, 3211, 218.4677, 221.1714, 10383.0049, 246.4431, 249.1469, 10383.0049, 0.4407, 198.6338, 158.4108, 266.2770, 311.9075
393, 3210, 261.9774, 220.7537, 10224.8301, 289.4982, 248.2744, 10224.8301, 0.4407, 242.1749, 158.3523, 309.3006, 310.6758
394, 3212, 547.8727, 231.4392, 36089.0820, 575.7986, 259.3651, 36089.0820, 0.4407, 498.7805, 102.3168, 624.8908, 388.4875
394, 3211, 216.7662, 221.3073, 10537.3008, 244.5715, 249.1127, 10537.3008, 0.4407, 196.5969, 157.8935, 264.7408, 312.5266
394, 3210, 261.9576, 221.1091, 8925.2637, 289.4796, 248.6311, 8925.2637, 0.4407, 244.3611, 163.7129, 307.0761, 306.0273
395, 3212, 547.8651, 225.3281, 35967.3125, 575.6305, 253.0935, 35967.3125, 0.4407, 498.7990, 96.3673, 624.6966, 382.0543
395, 3211, 217.2591, 221.3503, 10529.1592, 244.9536, 249.0448, 10529.1592, 0.4407, 197.0476, 157.9109, 265.1651, 312.4843
395, 3210, 268.5455, 221.2637, 10386.9248, 296.0684, 248.7865, 10386.9248, 0.4407, 248.4790, 158.2621, 316.1348, 311.7881
396, 3211, 208.1460, 221.3873, 10515.7002, 235.7725, 249.0139, 10515.7002, 0.4407, 187.9223, 157.9633, 255.9962, 312.4379
396, 3210, 259.9143, 225.8656, 7566.3062, 287.4376, 253.3889, 7566.3062, 0.4407, 244.8043, 174.1105, 302.5476, 305.1439
397, 3211, 205.8284, 229.1283, 8892.2832, 233.4139, 256.7139, 8892.2832, 0.4407, 188.3215, 171.8956, 250.9207, 313.9466
397, 3210, 258.4311, 230.8286, 10246.5537, 285.9547, 258.3521, 10246.5537, 0.4407, 238.5944, 168.3476, 305.7914, 320.8331
398, 3211, 213.8454, 231.2229, 8735.5107, 241.4063, 258.7838, 8735.5107, 0.4407, 196.6034, 174.6067, 258.6483, 315.3999
398, 3210, 258.1604, 234.3277, 7576.3916, 285.6841, 261.8514, 7576.3916, 0.4407, 243.0314, 182.5291, 300.8131, 313.6500
399, 3211, 215.6989, 230.7223, 8753.1406, 243.2451, 258.2685, 8753.1406, 0.4407, 198.4182, 174.0278, 260.5258, 314.9630
399, 3210, 262.2197, 223.4252, 8643.1445, 289.7435, 250.9490, 8643.1445, 0.4407, 245.1237, 167.1633, 306.8395, 307.2109
400, 3211, 216.8232, 223.1294, 10388.6260, 244.3605, 250.6667, 10388.6260, 0.4407, 196.7611, 160.1289, 264.4225, 313.6672
400, 3210, 261.1849, 219.9460, 12297.5586, 288.7088, 247.4699, 12297.5586, 0.4407, 238.1390, 150.1826, 311.7547, 317.2333
401, 3211, 208.3188, 221.0198, 10551.3193, 235.8507, 248.5518, 10551.3193, 0.4407, 187.9901, 157.4178, 256.1794, 312.1538
401, 3210, 254.4049, 229.1370, 9128.7422, 281.9288, 256.6610, 9128.7422, 0.4407, 236.4539, 170.9352, 299.8799, 314.8628
402, 3211, 205.7526, 221.5367, 10535.9902, 233.2814, 249.0654, 10535.9902, 0.4407, 185.4472, 157.9893, 253.5868, 312.6128
402, 3210, 248.9074, 223.5255, 10366.1113, 276.4314, 251.0494, 10366.1113, 0.4407, 228.8754, 160.6014, 296.4634, 313.9735
403, 3211, 205.9016, 225.7965, 7544.5757, 233.4285, 253.3233, 7544.5757, 0.4407, 190.8348, 174.1374, 248.4952, 304.9824
403, 3210, 252.2830, 228.6501, 8900.1523, 279.8070, 256.1740, 8900.1523, 0.4407, 234.7316, 171.3551, 297.3584, 313.4691
404, 3211, 206.1723, 222.1282, 8609.4355, 233.6980, 249.6539, 8609.4355, 0.4407, 189.1374, 166.0041, 250.7328, 305.7781
404, 3210, 253.6078, 223.1470, 8748.5469, 281.1318, 250.6710, 8748.5469, 0.4407, 236.3242, 166.4599, 298.4154, 307.3582
405, 3211, 206.3902, 220.5163, 8769.8594, 233.9152, 248.0414, 8769.8594, 0.4407, 189.0693, 163.7438, 251.2360, 304.8139
405, 3210, 253.2846, 220.2686, 8759.3340, 280.8086, 247.7925, 8759.3340, 0.4407, 235.9819, 163.5380, 298.1114, 304.5231
406, 3211, 206.3373, 220.9098, 8787.7471, 233.8619, 248.4344, 8787.7471, 0.4407, 188.9845, 164.0653, 251.2147, 305.2790
406, 3210, 256.9208, 218.4558, 7417.2344, 284.4448, 245.9798, 7417.2344, 0.4407, 242.0969, 167.3499, 299.2687, 297.0858
407, 3210, 258.3223, 208.1264, 6162.0894, 285.8463, 235.6504, 6162.0894, 0.4407, 246.0291, 162.7631, 298.1395, 281.0137
408, 3210, 254.1986, 210.3756, 8561.4131, 281.7226, 237.8996, 8561.4131, 0.4407, 237.2489, 154.4458, 298.6723, 293.8293
409, 3210, 256.6979, 217.0703, 7471.8408, 284.2219, 244.5943, 7471.8408, 0.4407, 241.7690, 165.7258, 299.1507, 295.9387
410, 3211, 206.0622, 211.3714, 8938.7227, 234.1196, 239.4288, 8938.7227, 0.4407, 188.7097, 154.1894, 251.4721, 296.6108
410, 3210, 254.3578, 220.4593, 8691.1992, 281.8818, 247.9832, 8691.1992, 0.4407, 237.1763, 164.0031, 299.0634, 304.4394
411, 3211, 197.9371, 211.6946, 8766.1660, 225.8355, 239.5930, 8766.1660, 0.4407, 180.8094, 155.1238, 242.9632, 296.1638
411, 3210, 245.7050, 213.5276, 8816.0557, 273.2290, 241.0515, 8816.0557, 0.4407, 228.3019, 156.5690, 290.6321, 298.0101
412, 3211, 188.3768, 219.0892, 8766.0215, 216.1631, 246.8755, 8766.0215, 0.4407, 171.1933, 162.4630, 233.3466, 303.5018
412, 3210, 244.0170, 218.8163, 8806.4463, 271.5410, 246.3403, 8806.4463, 0.4407, 226.6308, 161.8963, 288.9271, 303.2603
413, 3211, 186.9800, 213.7473, 8776.3418, 214.6715, 241.4388, 8776.3418, 0.4407, 169.7308, 157.0322, 231.9207, 298.1539
413, 3210, 248.8080, 211.4135, 7437.2607, 276.3319, 238.9375, 7437.2607, 0.4407, 233.9455, 160.2199, 291.1944, 290.1310
414, 3211, 187.6363, 216.1759, 7424.8789, 215.2625, 243.8022, 7424.8789, 0.4407, 172.8487, 165.0877, 230.0500, 294.8904
414, 3210, 242.4918, 215.5255, 7302.0034, 270.0157, 243.0495, 7302.0034, 0.4407, 227.8909, 164.9252, 284.6166, 293.6499
415, 3211, 187.3731, 213.2376, 8654.2344, 214.9586, 240.8231, 8654.2344, 0.4407, 170.2881, 156.9619, 232.0436, 297.0989
415, 3210, 235.0327, 213.4395, 8672.0693, 262.5566, 240.9634, 8672.0693, 0.4407, 217.8852, 157.0606, 279.7041, 297.3423
416, 3211, 179.0974, 211.4644, 8799.9805, 206.6584, 239.0253, 8799.9805, 0.4407, 161.7412, 154.5889, 224.0146, 295.9009
416, 3210, 226.7844, 218.8378, 8816.5049, 254.3084, 246.3617, 8816.5049, 0.4407, 209.3805, 161.8773, 271.7122, 303.3222
417, 3211, 176.9057, 219.3039, 8800.4521, 204.4518, 246.8501, 8800.4521, 0.4407, 159.5412, 162.4192, 221.8163, 303.7349
417, 3210, 225.7291, 222.4744, 6318.5679, 253.2531, 249.9984, 6318.5679, 0.4407, 213.1071, 176.3651, 265.8750, 296.1077
418, 3211, 178.5384, 218.6818, 7435.1641, 206.0757, 246.2191, 7435.1641, 0.4407, 163.6866, 167.5041, 220.9274, 297.3968
418, 3210, 223.4352, 218.5108, 7200.3877, 250.9591, 246.0348, 7200.3877, 0.4407, 209.0323, 168.3599, 265.3620, 296.1857
419, 3211, 172.1298, 217.5457, 7301.2925, 199.6618, 245.0777, 7301.2925, 0.4407, 157.5343, 166.9525, 214.2573, 295.6709
419, 3210, 222.4915, 224.9897, 7330.7505, 250.0154, 252.5136, 7330.7505, 0.4407, 207.8349, 174.2626, 264.6721, 303.2407
420, 3211, 170.3186, 217.8251, 7315.0830, 197.8474, 245.3539, 7315.0830, 0.4407, 155.6948, 167.1694, 212.4712, 296.0096
420, 3210, 215.3250, 219.8114, 7344.2925, 242.8490, 247.3354, 7344.2925, 0.4407, 200.6422, 169.0247, 257.5318, 298.1221
421, 3211, 163.3652, 217.7583, 7330.2012, 190.8920, 245.2851, 7330.2012, 0.4407, 148.7111, 167.0350, 205.5461, 296.0085
421, 3210, 206.6996, 217.2758, 7343.3638, 234.2236, 244.7998, 7343.3638, 0.4407, 192.0187, 166.4931, 248.9046, 295.5825
422, 3222, 282.5452, 213.4057, 1830.6823, 308.8193, 239.6798, 1830.6823, 0.4407, 281.4807, 194.3159, 309.8838, 258.7696
422, 3211, 161.2634, 217.7754, 7337.1016, 188.7891, 245.3011, 7337.1016, 0.4407, 146.5954, 167.0211, 203.4571, 296.0554
422, 3210, 205.9788, 213.0125, 8698.8223, 233.5028, 240.5365, 8698.8223, 0.4407, 188.7838, 156.5253, 250.6978, 297.0237
423, 3222, 272.3575, 210.9339, 2124.8596, 300.8549, 239.4313, 2124.8596, 0.4407, 271.3061, 190.4630, 301.9063, 259.9023
423, 3211, 154.3799, 210.3751, 7339.7197, 181.9050, 237.9001, 7339.7197, 0.4407, 139.7066, 159.6089, 196.5783, 288.6663
423, 3210, 198.4896, 216.4271, 7470.9453, 226.0136, 243.9510, 7470.9453, 0.4407, 183.5626, 165.0862, 240.9406, 295.2919
424, 3222, 264.8784, 210.3784, 2532.3857, 293.4023, 238.9023, 2532.3857, 0.4407, 262.4373, 186.7372, 295.8434, 262.5435
424, 3211, 148.7032, 202.6782, 8697.3916, 176.2278, 230.2028, 8697.3916, 0.4407, 131.5111, 146.1970, 193.4199, 286.6840
424, 3210, 196.2343, 218.1013, 7325.7139, 223.7582, 245.6253, 7325.7139, 0.4407, 181.5875, 167.3963, 238.4050, 296.3304
425, 3222, 261.8354, 207.3082, 2197.8467, 290.0202, 235.4930, 2197.8467, 0.4407, 260.3672, 186.0896, 291.4885, 256.7115
425, 3211, 144.4219, 207.3302, 7470.4331, 171.9462, 234.8546, 7470.4331, 0.4407, 129.4960, 155.9917, 186.8721, 286.1930
425, 3210, 194.7803, 214.7877, 6192.9053, 222.3043, 242.3117, 6192.9053, 0.4407, 182.4222, 169.2764, 234.6624, 287.8230
426, 3222, 257.2279, 206.9385, 2156.5139, 285.1538, 234.8643, 2156.5139, 0.4407, 255.7772, 185.9241, 286.6045, 255.8787
426, 3211, 136.9198, 209.1248, 7325.5381, 164.4440, 236.6490, 7325.5381, 0.4407, 122.2735, 158.4206, 179.0903, 287.3532
426, 3210, 188.7132, 209.6125, 7225.9375, 216.2372, 237.1365, 7225.9375, 0.4407, 174.2605, 159.3481, 230.6898, 287.4010
427, 3222, 250.0669, 201.4413, 2526.4670, 277.8322, 229.2066, 2526.4670, 0.4407, 247.2661, 177.4651, 280.6330, 253.1828
427, 3211, 127.9765, 208.6871, 7325.3574, 155.5007, 236.2112, 7325.3574, 0.4407, 113.3306, 157.9836, 170.1466, 286.9147
427, 3210, 186.2414, 206.4848, 6218.8760, 213.7654, 234.0088, 6218.8760, 0.4407, 173.8286, 160.8494, 226.1783, 279.6443
428, 3224, 470.0107, 216.5569, 35791.1797, 496.9162, 243.4624, 35791.1797, 0.4407, 420.6687, 87.5168, 546.2582, 372.5025
428, 3222, 243.4337, 201.5131, 2192.9165, 271.1025, 229.1820, 2192.9165, 0.4407, 241.7249, 180.0763, 272.8113, 250.6189
428, 3211, 126.3594, 201.3973, 7333.9946, 153.8834, 228.9214, 7333.9946, 0.4407, 111.6966, 150.6557, 168.5461, 279.6629
428, 3210, 180.0228, 200.8646, 7245.2300, 207.5468, 228.3885, 7245.2300, 0.4407, 165.5325, 150.5147, 222.0371, 278.7384
429, 3224, 439.3695, 221.2271, 35768.1992, 466.6257, 248.4832, 35768.1992, 0.4407, 390.2230, 92.4081, 515.7721, 377.3021
429, 3222, 238.3028, 202.3530, 2154.3489, 265.9137, 229.9640, 2154.3489, 0.4407, 236.7023, 181.1988, 267.5142, 251.1183
429, 3211, 119.3572, 199.3768, 7338.4224, 146.8813, 226.9008, 7338.4224, 0.4407, 104.6859, 148.6157, 161.5526, 277.6619
429, 3210, 177.9877, 198.2452, 6227.1777, 205.5117, 225.7692, 6227.1777, 0.4407, 165.5574, 152.5702, 217.9420, 271.4442
430, 3224, 414.6407, 244.5526, 35760.7891, 442.0457, 271.9577, 35760.7891, 0.4407, 365.5751, 115.8230, 491.1113, 400.6874
430, 3222, 229.2499, 202.1726, 2154.7202, 256.8261, 229.7488, 2154.7202, 0.4407, 227.6307, 180.9980, 258.4453, 250.9234
430, 3211, 117.2665, 199.8697, 7340.1665, 144.7905, 227.3937, 7340.1665, 0.4407, 102.5918, 149.1009, 159.4652, 278.1624
430, 3210, 171.7243, 204.8110, 6115.8018, 199.2483, 232.3350, 6115.8018, 0.4407, 159.5292, 159.6700, 211.4434, 277.4760
431, 3224, 420.4610, 206.8285, 21217.9180, 447.9239, 234.2914, 21217.9180, 0.4407, 385.8438, 110.8468, 482.5410, 330.2732
431, 3222, 227.2520, 202.2313, 2157.2336, 254.8073, 229.7866, 2157.2336, 0.4407, 225.6134, 181.0258, 256.4459, 250.9921
431, 3211, 117.7765, 199.7494, 7340.7915, 145.3005, 227.2734, 7340.7915, 0.4407, 103.1006, 148.9779, 159.9764, 278.0450
431, 3210, 169.8755, 200.0113, 6120.1777, 197.3994, 227.5353, 6120.1777, 0.4407, 157.6711, 154.8493, 209.6038, 272.6974
432, 3224, 406.3748, 172.8476, 23832.3105, 433.8638, 200.3367, 23832.3105, 0.4407, 368.8786, 70.3159, 471.3600, 302.8684
432, 3222, 224.4608, 198.1166, 2158.4968, 252.0036, 225.6594, 2158.4968, 0.4407, 222.8114, 176.8946, 253.6530, 246.8813
432, 3211, 114.8262, 205.0920, 6208.4951, 142.3502, 232.6160, 6208.4951, 0.4407, 102.4352, 159.5060, 154.7411, 278.2020
432, 3210, 170.2825, 202.1941, 5254.2246, 197.8065, 229.7181, 5254.2246, 0.4407, 159.9851, 161.3596, 208.1038, 270.5526
433, 3224, 378.0386, 200.3737, 34918.0938, 405.5419, 227.8769, 34918.0938, 0.4407, 329.7665, 73.3805, 453.8140, 354.8701
433, 3222, 218.8156, 199.5341, 2529.9277, 246.3509, 227.0694, 2529.9277, 0.4407, 215.8883, 175.4170, 249.2781, 251.1865
433, 3210, 164.4077, 203.9156, 5175.0444, 191.9317, 231.4396, 5175.0444, 0.4407, 154.2923, 163.4941, 202.0471, 271.8610
434, 3222, 217.3091, 202.1905, 1876.4675, 244.8398, 229.7213, 1876.4675, 0.4407, 216.6964, 183.3286, 245.4525, 248.5832
434, 3210, 162.8861, 203.4957, 5186.7212, 190.4101, 231.0197, 5186.7212, 0.4407, 152.7438, 163.0131, 200.5525, 271.5022
435, 3222, 214.3473, 202.3052, 2124.6277, 241.8753, 229.8333, 2124.6277, 0.4407, 212.8120, 181.3515, 243.4106, 250.7870
435, 3210, 156.6825, 197.8452, 5197.4629, 184.2065, 225.3691, 5197.4629, 0.4407, 146.5154, 157.3065, 194.3736, 265.9078
436, 3222, 209.3833, 198.1100, 2158.5854, 236.9097, 225.6365, 2158.5854, 0.4407, 207.7254, 176.8792, 238.5676, 246.8674
436, 3210, 154.0412, 197.6332, 6077.1533, 181.5652, 225.1572, 6077.1533, 0.4407, 141.9282, 152.6788, 193.6783, 270.1116
437, 3222, 205.1970, 197.0236, 2161.0010, 232.7225, 224.5491, 2161.0010, 0.4407, 203.5300, 175.7727, 234.3895, 245.8000
437, 3210, 153.0027, 193.0723, 7294.9600, 180.5267, 220.5963, 7294.9600, 0.4407, 138.4155, 142.5030, 195.1139, 271.1656
438, 3210, 148.9052, 195.4050, 5386.2476, 176.4292, 222.9290, 5386.2476, 0.4407, 138.3074, 153.8889, 187.0270, 264.4452
439, 3210, 146.4090, 198.2284, 6046.6855, 173.9330, 225.7524, 6046.6855, 0.4407, 134.3609, 153.4213, 185.9810, 270.5595
442, 3229, 568.1032, 211.9854, 35757.2188, 592.7249, 236.6071, 35757.2188, 0.4407, 517.6490, 81.8712, 643.1791, 366.7212
444, 3232, 294.7305, 208.2879, 35757.2188, 321.0046, 234.5621, 35757.2188, 0.4407, 245.1025, 79.0000, 370.6325, 363.8500
445, 3232, 296.4276, 207.1763, 35757.2188, 324.9250, 235.6737, 35757.2188, 0.4407, 247.9113, 79.0000, 373.4413, 363.8500
446, 3232, 295.2408, 207.1631, 35757.2188, 323.7646, 235.6870, 35757.2188, 0.4407, 246.7377, 79.0000, 372.2677, 363.8500
447, 3234, 505.2026, 244.5283, 25607.2793, 531.4769, 270.8024, 25607.2793, 0.4407, 465.2253, 137.1365, 571.4542, 378.1942
447, 3232, 280.1187, 207.3326, 35757.2188, 308.3035, 235.5174, 35757.2188, 0.4407, 231.4461, 79.0000, 356.9761, 363.8500
448, 3236, 150.1773, 204.3706, 5311.2866, 176.4515, 230.6448, 5311.2866, 0.4407, 139.1247, 162.6157, 187.5041, 272.3997
448, 3234, 494.7067, 252.7935, 24474.4258, 523.2041, 281.2909, 24474.4258, 0.4407, 457.0291, 149.2096, 560.8817, 384.8748
448, 3232, 275.9593, 207.4621, 35757.2188, 303.8852, 235.3879, 35757.2188, 0.4407, 227.1572, 79.0000, 352.6873, 363.8500
449, 3236, 152.0879, 205.2285, 6079.2065, 180.5853, 233.7259, 6079.2065, 0.4407, 140.4572, 160.7509, 192.2160, 278.2035
449, 3232, 277.0880, 223.1574, 35757.2188, 304.8533, 250.9228, 35757.2188, 0.4407, 228.2056, 94.6151, 353.7356, 379.4651
450, 3238, 89.1800, 351.2467, 17107.6406, 115.4541, 377.5208, 17107.6406, 0.4407, 58.9037, 265.8677, 145.7304, 462.8998
450, 3236, 161.5882, 203.6969, 5281.6650, 190.1121, 232.2208, 5281.6650, 0.4407, 151.7280, 163.2201, 199.9723, 272.6975
450, 3232, 276.8804, 227.4163, 35757.2188, 304.5493, 255.0851, 35757.2188, 0.4407, 227.9499, 98.8257, 353.4799, 383.6757
451, 3239, 214.4586, 202.8757, 2167.6946, 240.7328, 229.1498, 2167.6946, 0.4407, 212.1421, 180.9449, 243.0493, 251.0806
451, 3238, 105.6860, 353.0233, 17069.9453, 134.1834, 381.5208, 17069.9453, 0.4407, 76.5692, 268.8646, 163.3001, 465.6795
451, 3236, 168.9273, 205.2793, 6066.4565, 197.1121, 233.4642, 6066.4565, 0.4407, 157.1674, 160.7071, 208.8719, 278.0364
451, 3232, 276.9718, 226.4181, 35757.2188, 304.5827, 254.0291, 35757.2188, 0.4407, 228.0123, 97.7986, 353.5422, 382.6486
452, 3238, 118.2706, 348.8660, 14684.1309, 146.7944, 377.3899, 14684.1309, 0.4407, 92.3116, 271.8563, 172.7534, 454.3996
452, 3236, 176.8517, 206.1907, 6151.9048, 204.7776, 234.1166, 6151.9048, 0.4407, 164.7810, 161.0772, 216.8483, 279.2300
452, 3234, 528.2513, 242.7334, 35901.4570, 556.8263, 271.3083, 35901.4570, 0.4407, 479.6476, 114.3083, 605.4301, 399.7333
452, 3232, 276.9739, 226.6860, 35757.2188, 304.5501, 254.2622, 35757.2188, 0.4407, 227.9970, 98.0491, 353.5270, 382.8991
453, 3241, 372.5058, 247.5246, 3676.8757, 398.7800, 273.7988, 3676.8757, 0.4407, 365.5163, 214.9898, 405.7695, 306.3335
453, 3238, 132.2127, 338.7229, 14452.0869, 160.3976, 366.9077, 14452.0869, 0.4407, 106.4032, 262.2677, 186.2071, 443.3629
453, 3236, 184.1155, 203.8937, 5273.4229, 211.8808, 231.6591, 5273.4229, 0.4407, 173.8948, 163.0804, 222.1015, 272.4724
453, 3234, 528.7159, 230.7146, 35815.5547, 556.9274, 258.9261, 35815.5547, 0.4407, 480.0056, 102.2788, 605.6377, 387.3619
453, 3232, 276.9881, 211.0203, 35757.2188, 304.5434, 238.5756, 35757.2188, 0.4407, 228.0007, 82.3730, 353.5308, 367.2229
454, 3241, 369.8808, 252.4853, 3644.3267, 398.3783, 280.9827, 3644.3267, 0.4407, 364.0923, 221.2648, 404.1669, 312.2032
454, 3238, 134.4516, 336.3069, 14477.1367, 162.3774, 364.2328, 14477.1367, 0.4407, 108.4780, 259.6438, 188.3510, 440.8958
454, 3236, 192.7840, 205.5852, 6057.8511, 220.4529, 233.2541, 6057.8511, 0.4407, 180.7845, 160.7966, 232.4523, 278.0427
454, 3234, 528.7632, 225.3469, 35778.3711, 556.7387, 253.3224, 35778.3711, 0.4407, 479.9675, 96.8672, 605.5344, 381.8021
454, 3232, 292.6085, 222.4459, 35757.2188, 320.1513, 249.9887, 35757.2188, 0.4407, 243.6149, 93.7923, 369.1449, 378.6423
455, 3241, 372.0686, 253.3098, 3634.9270, 400.5925, 281.8337, 3634.9270, 0.4407, 366.3191, 222.1612, 406.3420, 312.9823
455, 3238, 144.1525, 328.4333, 16873.6094, 171.9178, 356.1987, 16873.6094, 0.4407, 114.9197, 244.4762, 201.1505, 440.1559
455, 3236, 205.1716, 204.1500, 5273.1006, 232.7825, 231.7609, 5273.1006, 0.4407, 194.8745, 163.2611, 243.0797, 272.6497
455, 3232, 296.8231, 227.6837, 35757.2188, 324.3584, 255.2190, 35757.2188, 0.4407, 247.8257, 99.0264, 373.3557, 383.8763
456, 3241, 384.1908, 253.2452, 3632.0740, 412.3756, 281.4300, 3632.0740, 0.4407, 378.2796, 221.9449, 418.2868, 312.7303
456, 3238, 158.5154, 339.1176, 20156.5859, 186.1843, 366.7864, 20156.5859, 0.4407, 125.2265, 246.0167, 219.4732, 459.8873
456, 3236, 210.1483, 205.5879, 6063.3525, 237.7245, 233.1641, 6063.3525, 0.4407, 198.0908, 160.7263, 249.7821, 278.0256
456, 3232, 295.7982, 226.4093, 35757.2188, 323.3290, 253.9400, 35757.2188, 0.4407, 246.7986, 97.7496, 372.3286, 382.5996
457, 3241, 389.6844, 258.6707, 4320.3696, 417.6103, 286.5966, 4320.3696, 0.4407, 381.8305, 223.1264, 425.4641, 322.1411
457, 3238, 170.8483, 351.5479, 17380.0039, 198.4593, 379.1589, 17380.0039, 0.4407, 140.8963, 266.0561, 228.4113, 464.6507
457, 3232, 312.4870, 211.1070, 35757.2188, 340.0151, 238.6350, 35757.2188, 0.4407, 263.4861, 82.4460, 389.0161, 367.2960
458, 3238, 172.9551, 352.7863, 17028.7520, 200.5313, 380.3626, 17028.7520, 0.4407, 143.4301, 268.2857, 230.0563, 464.8632
458, 3232, 316.8589, 206.8212, 35757.2188, 344.3854, 234.3476, 35757.2188, 0.4407, 267.8572, 78.1594, 393.3871, 363.0094
459, 3238, 183.9617, 352.4989, 17016.3965, 211.5171, 380.0543, 17016.3965, 0.4407, 154.4420, 268.0235, 241.0368, 464.5297
459, 3232, 300.3754, 216.6282, 28908.6309, 327.9008, 244.1537, 28908.6309, 0.4407, 257.7029, 102.3296, 370.5732, 358.4522
460, 3244, 531.8035, 245.6003, 35150.3438, 558.0776, 271.8745, 35150.3438, 0.4407, 482.7104, 117.5263, 607.1707, 399.9485
460, 3238, 189.6103, 344.3101, 20075.8848, 217.1531, 371.8529, 20075.8848, 0.4407, 156.3528, 251.3604, 250.4105, 464.8026
461, 3244, 528.5011, 263.3071, 25362.7324, 556.9986, 291.8045, 25362.7324, 0.4407, 489.8893, 157.6049, 595.6105, 397.5068
461, 3238, 189.4782, 342.0667, 20374.7734, 217.0135, 369.6020, 20374.7734, 0.4407, 155.8683, 248.3216, 250.6235, 463.3471
462, 3245, 335.8898, 208.8894, 35999.8320, 362.1639, 235.1636, 35999.8320, 0.4407, 286.0493, 79.1192, 412.0045, 364.9338
462, 3238, 201.8413, 342.6171, 20343.3047, 229.3721, 370.1479, 20343.3047, 0.4407, 168.2658, 248.9527, 262.9476, 463.8123
463, 3245, 334.3905, 222.7284, 35902.8672, 362.8880, 251.2258, 35902.8672, 0.4407, 285.7465, 94.2624, 411.5320, 379.6918
463, 3238, 205.1588, 354.8124, 20309.2051, 232.6868, 382.3405, 20309.2051, 0.4407, 171.6216, 261.2367, 266.2240, 475.9163
464, 3245, 318.8846, 211.5009, 35817.1602, 347.4084, 240.0248, 35817.1602, 0.4407, 270.3289, 83.2186, 395.9641, 368.3071
464, 3238, 204.3507, 358.1700, 20293.6621, 231.8771, 385.6965, 20293.6621, 0.4407, 170.8308, 264.6345, 265.3970, 479.2320
465, 3245, 314.8257, 206.2461, 35779.1016, 343.0105, 234.4310, 35779.1016, 0.4407, 266.1339, 77.8700, 391.7023, 362.8071
465, 3238, 211.1734, 364.7976, 17243.1250, 238.6988, 392.3231, 17243.1250, 0.4407, 181.3514, 279.6545, 268.5208, 477.4662
466, 3245, 316.0092, 207.7278, 35764.7969, 343.9351, 235.6537, 35764.7969, 0.4407, 267.2005, 79.2506, 392.7438, 364.1308
466, 3238, 206.2870, 359.5595, 19995.1367, 233.8119, 387.0844, 19995.1367, 0.4407, 173.1154, 266.8154, 266.9835, 479.8285
467, 3245, 315.8318, 207.4775, 35759.7773, 343.5972, 235.2429, 35759.7773, 0.4407, 266.9472, 78.9301, 392.4817, 363.7903
467, 3238, 210.7017, 352.9535, 17275.1758, 238.2262, 380.4780, 17275.1758, 0.4407, 180.8387, 267.7181, 268.0892, 465.7134
468, 3245, 315.9429, 207.6064, 35758.0703, 343.6118, 235.2753, 35758.0703, 0.4407, 267.0116, 79.0141, 392.5431, 363.8675
468, 3238, 217.9083, 344.2122, 20029.5117, 245.4326, 371.7365, 20029.5117, 0.4407, 184.6961, 251.3763, 278.6449, 464.5724
469, 3245, 315.9565, 192.0006, 35757.5000, 343.5675, 219.6115, 35757.5000, 0.4407, 266.9967, 63.3805, 392.5273, 348.2316
469, 3238, 225.2822, 350.3661, 17290.8242, 252.8063, 377.8904, 17290.8242, 0.4407, 195.3993, 265.0858, 282.6892, 463.1707
473, 3245, 315.7250, 188.2243, 35757.2188, 343.8053, 216.3046, 35757.2188, 0.4407, 267.0002, 59.8394, 392.5302, 344.6894
474, 3245, 315.8089, 188.5090, 35757.2188, 343.7211, 216.4214, 35757.2188, 0.4407, 267.0000, 60.0402, 392.5300, 344.8902
475, 3245, 315.8677, 188.5177, 35757.2188, 343.6624, 216.3124, 35757.2188, 0.4407, 267.0000, 59.9900, 392.5300, 344.8400
476, 3245, 315.9167, 188.5791, 35757.2188, 343.6133, 216.2758, 35757.2188, 0.4407, 267.0000, 60.0025, 392.5300, 344.8524
477, 3245, 315.9504, 188.6098, 35757.2188, 343.5797, 216.2390, 35757.2188, 0.4407, 267.0000, 59.9994, 392.5300, 344.8494
478, 3245, 329.3181, 185.0647, 28908.6309, 356.9055, 212.6520, 28908.6309, 0.4407, 286.6766, 70.7970, 399.5469, 326.9196
479, 3245, 319.5829, 203.2972, 35103.6484, 347.1450, 230.8593, 35103.6484, 0.4407, 271.1752, 75.9609, 395.5527, 358.1956
480, 3245, 315.1137, 193.0968, 35835.5820, 342.6606, 220.6436, 35835.5820, 0.4407, 266.0534, 64.2893, 391.7209, 349.4512
481, 3245, 316.2103, 203.1869, 35836.6680, 343.7480, 230.7246, 35836.6680, 0.4407, 267.1445, 74.3727, 392.8138, 359.5389
482, 3245, 299.5097, 193.1340, 35793.1289, 327.0420, 220.6662, 35793.1289, 0.4407, 250.4793, 64.4036, 376.0724, 349.3966
483, 3245, 295.1442, 187.5689, 35770.7969, 322.6731, 215.0978, 35770.7969, 0.4407, 246.1317, 58.8814, 371.6855, 343.7854
484, 3245, 280.5954, 204.5429, 35762.0000, 308.1223, 232.0698, 35762.0000, 0.4407, 231.5896, 75.8719, 357.1280, 360.7409
485, 3245, 278.7883, 203.2123, 28910.2578, 306.3140, 230.7381, 28910.2578, 0.4407, 236.1144, 88.9103, 348.9879, 345.0401
486, 3245, 280.5971, 186.8900, 28255.6074, 308.1222, 214.4151, 28255.6074, 0.4407, 238.5656, 74.0459, 350.1537, 327.2592
487, 3259, 413.7152, 303.7513, 16466.2227, 439.9894, 330.0255, 16466.2227, 0.4407, 384.2603, 220.2373, 469.4442, 413.5394
487, 3245, 275.2210, 185.2702, 24644.5234, 302.7456, 212.7948, 24644.5234, 0.4407, 236.8765, 80.7922, 341.0901, 317.2729
488, 3245, 276.6874, 171.9066, 20369.0371, 304.2118, 199.4309, 20369.0371, 0.4407, 243.0781, 78.1725, 337.8211, 293.1650
489, 3245, 280.7746, 164.8045, 14650.8037, 308.2988, 192.3287, 14650.8037, 0.4407, 254.3611, 87.3992, 334.7122, 269.7340
490, 3245, 282.2632, 148.4768, 8843.6230, 309.7873, 176.0009, 8843.6230, 0.4407, 264.8115, 91.4078, 327.2391, 233.0699
491, 3245, 280.6514, 146.9069, 10078.5273, 308.1754, 174.4309, 10078.5273, 0.4407, 261.0915, 85.0541, 327.7354, 236.2837
492, 3245, 280.1627, 148.8114, 10387.2832, 307.6867, 176.3355, 10387.2832, 0.4407, 260.0962, 85.8092, 327.7532, 239.3378
493, 3245, 278.0234, 164.8454, 19660.7324, 305.5475, 192.3694, 19660.7324, 0.4407, 245.2451, 72.9962, 338.3258, 284.2187
494, 3245, 265.0577, 180.9135, 20561.8398, 292.5817, 208.4375, 20561.8398, 0.4407, 231.2249, 86.6708, 326.4145, 302.6801
495, 3245, 271.5274, 172.8150, 24466.7441, 299.0514, 200.3390, 24466.7441, 0.4407, 233.3715, 68.7625, 337.2073, 304.3916
496, 3245, 265.8630, 181.1851, 28433.4805, 293.3870, 208.7091, 28433.4805, 0.4407, 223.6562, 67.9412, 335.5938, 321.9530
497, 3245, 271.6401, 173.5127, 25003.1914, 299.1641, 201.0367, 25003.1914, 0.4407, 232.9179, 68.1761, 337.8863, 306.3734
498, 3245, 279.8069, 181.0149, 28233.5879, 307.3309, 208.5389, 28233.5879, 0.4407, 237.7970, 68.2186, 349.3408, 321.3352
499, 3245, 266.3780, 185.1300, 28557.7285, 293.9020, 212.6539, 28557.7285, 0.4407, 224.0487, 71.6095, 336.2313, 326.1744
500, 3245, 262.4783, 184.1262, 28528.8789, 290.0023, 211.6502, 28528.8789, 0.4407, 220.1773, 70.6703, 332.3033, 325.1060
501, 3245, 271.7343, 151.9163, 9995.7793, 299.2583, 179.4403, 9995.7793, 0.4407, 252.3112, 90.3749, 318.6813, 240.9817
502, 3245, 274.4731, 134.3977, 5725.3623, 301.9971, 161.9217, 5725.3623, 0.4407, 261.7469, 88.0525, 314.7233, 208.2670
508, 3274, 340.1573, 246.6738, 1536.1614, 366.4315, 272.9479, 1536.1614, 0.4407, 340.2853, 230.2900, 366.3035, 289.3317
509, 3274, 340.4646, 240.2868, 1514.6812, 368.9620, 268.7842, 1514.6812, 0.4407, 341.7955, 225.2218, 367.6312, 283.8492
526, 3278, 257.6279, 210.0905, 35757.2188, 283.9021, 236.3647, 35757.2188, 0.4407, 208.0000, 80.8026, 333.5300, 365.6526
527, 3278, 273.1910, 206.3106, 35757.2188, 301.6884, 234.8080, 35757.2188, 0.4407, 224.6747, 78.1343, 350.2047, 362.9843
528, 3278, 277.4603, 207.4123, 35757.2188, 305.9842, 235.9362, 35757.2188, 0.4407, 228.9573, 79.2492, 354.4872, 364.0992
531, 3280, 123.3905, 247.6065, 6119.4316, 148.0122, 272.2282, 6119.4316, 0.4407, 109.7365, 200.9970, 161.6662, 318.8377
532, 3281, 323.7960, 135.7768, 8527.6885, 350.0702, 162.0510, 8527.6885, 0.4407, 306.2818, 79.3597, 367.5843, 218.4681
532, 3280, 116.2169, 253.4085, 6178.8770, 142.7311, 279.9227, 6178.8770, 0.4407, 103.3834, 207.4598, 155.5647, 325.8714
533, 3280, 111.5193, 250.1366, 5284.0137, 138.6518, 277.2691, 5284.0137, 0.4407, 100.9580, 208.9519, 149.2131, 318.4537
539, 3280, 127.6753, 227.1650, 4234.9741, 156.3894, 255.8791, 4234.9741, 0.4407, 120.4187, 192.4758, 163.6459, 290.5682
540, 3280, 131.9352, 204.1220, 10203.0996, 160.2493, 232.4361, 10203.0996, 0.4407, 112.5624, 142.1922, 179.6221, 294.3660
541, 3280, 134.1533, 196.7689, 12623.8799, 162.1948, 224.8104, 12623.8799, 0.4407, 110.8802, 126.1617, 185.4679, 295.4176
542, 3280, 134.2126, 197.4836, 12714.0176, 162.0582, 225.3292, 12714.0176, 0.4407, 110.7091, 126.4782, 185.5616, 296.3347
543, 3280, 134.1680, 201.0820, 14494.5449, 161.8867, 228.8008, 14494.5449, 0.4407, 108.0665, 124.2613, 187.9881, 305.6215
544, 3280, 134.1728, 202.1516, 14617.5420, 161.8139, 229.7927, 14617.5420, 0.4407, 107.8634, 124.9081, 188.1232, 307.0362
545, 3280, 123.5205, 201.9236, 14573.1729, 151.1147, 229.5178, 14573.1729, 0.4407, 97.2487, 124.7949, 177.3865, 306.6465
546, 3289, 371.8643, 130.0715, 12354.4375, 398.1385, 156.3457, 12354.4375, 0.4407, 348.1084, 59.4906, 421.8944, 226.9266
546, 3280, 122.4128, 198.3130, 12662.8027, 149.9790, 225.8791, 12662.8027, 0.4407, 98.8454, 127.3394, 173.5464, 296.8528
547, 3289, 385.4078, 119.0681, 12562.7715, 413.9053, 147.5656, 12562.7715, 0.4407, 362.4538, 48.8960, 436.8594, 217.7378
547, 3280, 131.1526, 193.2444, 16720.5996, 158.7019, 220.7937, 16720.5996, 0.4407, 102.0076, 109.6242, 187.8468, 304.4138
548, 3289, 393.3355, 115.5442, 10657.7617, 421.8594, 144.0681, 10657.7617, 0.4407, 373.3313, 52.0489, 441.8637, 207.5633
548, 3280, 132.9069, 192.3986, 17143.0000, 160.4461, 219.9377, 17143.0000, 0.4407, 103.2182, 107.5507, 190.1348, 304.7856
549, 3280, 132.4833, 192.6092, 17114.5508, 160.0164, 220.1423, 17114.5508, 0.4407, 102.8276, 107.8400, 189.6720, 304.9114
550, 3280, 121.9052, 192.5603, 17074.5527, 149.4346, 220.0898, 17074.5527, 0.4407, 92.2985, 107.9045, 179.0413, 304.7457
551, 3280, 117.3061, 184.3060, 20100.4570, 144.8334, 211.8333, 20100.4570, 0.4407, 84.0121, 91.2834, 178.1275, 304.8559
552, 3280, 105.2313, 194.4019, 20383.8359, 132.7572, 221.9279, 20383.8359, 0.4407, 71.6061, 100.6284, 166.3824, 315.7014
553, 3280, 98.3347, 202.1543, 24349.2207, 125.8598, 229.6794, 24349.2207, 0.4407, 60.3043, 98.3853, 163.8902, 333.4484
554, 3280, 85.0644, 202.2579, 24695.0215, 112.5891, 229.7826, 24695.0215, 0.4407, 46.6672, 97.6573, 150.9862, 334.3833
563, 3296, 394.5511, 106.7035, 14691.4492, 420.8253, 132.9777, 14691.4492, 0.4407, 367.4572, 28.5462, 447.9192, 211.1349
588, 3303, 195.6631, 218.6381, 10640.9092, 221.9373, 244.9122, 10640.9092, 0.4407, 174.5613, 154.0790, 243.0390, 309.4713
589, 3303, 175.4973, 216.4014, 14357.3916, 203.9948, 244.8988, 14357.3916, 0.4407, 149.9750, 140.3999, 229.5172, 320.9003
590, 3303, 158.6607, 212.6790, 14672.1133, 187.1846, 241.2029, 14672.1133, 0.4407, 132.7180, 135.7069, 213.1272, 318.1749
591, 3303, 147.8115, 213.8852, 14609.3516, 175.9963, 242.0701, 14609.3516, 0.4407, 121.7854, 136.9389, 202.0224, 319.0164
592, 3303, 125.0249, 223.6186, 14558.2871, 152.9508, 251.5445, 14558.2871, 0.4407, 98.9395, 146.7021, 179.0362, 328.4611
619, 3314, 114.4723, 201.8781, 10562.8135, 140.7465, 228.1522, 10562.8135, 0.4407, 93.4962, 137.6051, 161.7225, 292.4253
628, 3315, 209.9350, 202.5496, 28109.8262, 236.2092, 228.8237, 28109.8262, 0.4407, 167.4222, 89.4067, 278.7219, 341.9666
629, 3315, 210.8466, 214.6500, 24818.8340, 239.3441, 243.1474, 24818.8340, 0.4407, 172.8047, 110.2407, 277.3860, 347.5567
630, 3315, 224.2576, 232.7077, 28159.1406, 252.7815, 261.2316, 28159.1406, 0.4407, 182.8210, 120.5789, 294.2181, 373.3604
646, 3322, 296.5882, 227.9902, 13002.4600, 322.8623, 254.2644, 13002.4600, 0.4407, 271.8774, 155.2409, 347.5731, 327.0137
647, 3322, 293.0152, 228.4349, 14202.7656, 321.5127, 256.9324, 14202.7656, 0.4407, 267.7077, 152.9205, 346.8202, 332.4467
648, 3322, 293.9500, 224.6693, 14450.7637, 322.4738, 253.1932, 14450.7637, 0.4407, 268.3118, 148.3878, 348.1120, 329.4747
660, 3329, 295.7223, 209.6674, 14356.5840, 321.9965, 235.9416, 14356.5840, 0.4407, 269.0893, 132.5571, 348.6295, 313.0519
663, 3330, 208.9233, 286.9073, 4437.4927, 235.1974, 313.1815, 4437.4927, 0.4407, 199.9499, 249.8704, 244.1708, 350.2185
674, 3334, 308.0482, 221.1479, 12522.3906, 334.3224, 247.4221, 12522.3906, 0.4407, 284.0423, 150.0000, 358.3283, 318.5700
675, 3334, 293.8803, 219.2442, 16773.4434, 322.3777, 247.7417, 16773.4434, 0.4407, 265.1414, 135.9447, 351.1165, 331.0412
679, 3334, 286.7514, 226.4701, 14685.6270, 315.3264, 255.0450, 14685.6270, 0.4407, 260.8158, 149.4815, 341.2620, 332.0336
686, 3341, 284.8322, 211.3651, 12522.3906, 309.4539, 235.9868, 12522.3906, 0.4407, 260.0000, 139.3909, 334.2860, 307.9609
703, 3350, 69.2163, 255.1245, 17651.3184, 95.4905, 281.3986, 17651.3184, 0.4407, 38.2556, 168.1923, 126.4512, 368.3308
704, 3350, 51.4969, 267.0796, 23986.6660, 79.9944, 295.5770, 23986.6660, 0.4407, 14.3396, 164.6752, 117.1516, 397.9814
705, 3350, 36.0526, 265.3557, 24673.7910, 64.5765, 293.8796, 24673.7910, 0.4407, -1.8226, 161.3057, 102.4517, 397.9296
722, 3355, 243.9286, 273.5548, 3624.6221, 270.2028, 299.8290, 3624.6221, 0.4407, 237.0826, 241.3457, 277.0488, 332.0380
723, 3355, 239.8429, 267.5527, 2611.2419, 268.3403, 296.0501, 2611.2419, 0.4407, 237.1305, 243.3127, 271.0527, 320.2901
728, 3357, 84.9343, 216.9980, 1559.7094, 109.5560, 241.6196, 1559.7094, 0.4407, 84.1367, 199.5626, 110.3536, 259.0550
729, 3357, 80.9793, 209.7993, 2118.5857, 107.4935, 236.3135, 2118.5857, 0.4407, 78.9589, 188.3881, 109.5139, 257.7247
730, 3357, 83.6665, 214.3374, 2545.5051, 110.7990, 241.4699, 2545.5051, 0.4407, 80.4865, 189.9024, 113.9790, 265.9048
734, 3357, 66.6398, 224.8750, 3091.0149, 94.6153, 252.8506, 3091.0149, 0.4407, 62.1739, 196.9875, 99.0812, 280.7382
735, 3357, 60.2116, 221.8934, 3083.2607, 88.0606, 249.7424, 3083.2607, 0.4407, 55.7056, 193.9951, 92.5667, 277.6406
736, 3357, 57.7075, 224.9092, 2220.4666, 85.4641, 252.6657, 2220.4666, 0.4407, 55.9452, 203.2954, 87.2264, 274.2794
737, 3357, 49.1137, 228.2186, 1816.7971, 76.7874, 255.8922, 1816.7971, 0.4407, 48.8029, 209.9512, 77.0982, 274.1596
738, 3357, 43.0237, 222.4843, 2112.7561, 70.6392, 250.0997, 2112.7561, 0.4407, 41.5749, 201.6714, 72.0880, 270.9125
739, 3357, 38.3932, 215.7322, 3009.9692, 65.9722, 243.3113, 3009.9692, 0.4407, 33.9726, 188.1990, 70.3928, 270.8445
740, 3357, 33.6222, 219.9593, 2612.8713, 61.1792, 247.5163, 2612.8713, 0.4407, 30.4343, 195.2371, 64.3671, 272.2385
741, 3357, 29.2738, 221.5628, 2185.6868, 56.8176, 249.1066, 2185.6868, 0.4407, 27.5281, 200.1217, 58.5633, 270.5477
742, 3357, 21.1072, 221.1498, 2145.4460, 48.6431, 248.6857, 2145.4460, 0.4407, 19.5010, 200.0304, 50.2492, 269.8051
752, 3370, 118.3681, 201.5149, 24766.5391, 144.6422, 227.7890, 24766.5391, 0.4407, 79.2702, 96.1177, 183.7402, 333.1862
753, 3370, 112.0680, 202.3987, 24661.4375, 140.5654, 230.8961, 24661.4375, 0.4407, 74.1926, 98.3651, 178.4408, 334.9297
754, 3370, 114.2226, 201.5517, 24590.7070, 142.7465, 230.0756, 24590.7070, 0.4407, 76.4352, 97.7012, 180.5339, 333.9261
755, 3370, 113.7862, 188.8009, 24560.8145, 141.9711, 216.9857, 24560.8145, 0.4407, 75.8609, 84.8527, 179.8964, 320.9339
756, 3374, 241.9007, 234.0268, 24530.4590, 268.1748, 260.3010, 24530.4590, 0.4407, 203.0517, 129.1974, 307.0238, 365.1304
756, 3372, 40.5517, 193.8658, 4283.8306, 65.1734, 218.4875, 4283.8306, 0.4407, 31.1382, 156.8791, 74.5870, 255.4742
756, 3370, 108.3178, 197.7273, 28238.8691, 136.2437, 225.6531, 28238.8691, 0.4407, 66.5037, 85.1199, 178.0578, 338.2605
757, 3374, 242.2134, 234.1528, 24280.6055, 270.7108, 262.6502, 24280.6055, 0.4407, 204.7416, 131.0371, 308.1826, 365.7660
757, 3370, 102.5046, 191.6259, 35435.6719, 130.2700, 219.3913, 35435.6719, 0.4407, 53.9056, 63.7245, 178.8690, 347.2927
758, 3370, 86.1637, 187.8384, 36045.7266, 113.8325, 215.5072, 36045.7266, 0.4407, 36.9807, 58.6737, 163.0155, 344.6719
763, 3376, 125.2162, 190.1745, 2171.5376, 151.4903, 216.4486, 2171.5376, 0.4407, 122.8860, 168.2126, 153.8205, 238.4105
764, 3376, 122.7283, 191.2893, 2161.5420, 151.2257, 219.7868, 2161.5420, 0.4407, 121.5453, 170.5201, 152.4086, 240.5561
765, 3376, 121.4276, 200.6890, 1841.5792, 149.9515, 229.2129, 1841.5792, 0.4407, 121.4458, 182.6284, 149.9333, 247.2735
766, 3376, 118.6866, 202.2297, 2128.9829, 146.8714, 230.4145, 2128.9829, 0.4407, 117.4640, 181.5688, 148.0940, 251.0754
767, 3383, 145.8982, 200.9573, 7260.7051, 172.1724, 227.2315, 7260.7051, 0.4407, 130.7528, 149.9142, 187.3178, 278.2747
770, 3388, 188.3123, 203.5046, 8620.1865, 214.5865, 229.7788, 8620.1865, 0.4407, 170.6325, 146.7110, 232.2663, 286.5724
770, 3386, 65.4543, 192.0941, 5964.8535, 90.0760, 216.7158, 5964.8535, 0.4407, 52.1303, 146.2336, 103.4000, 262.5763
771, 3388, 179.4686, 199.1261, 7495.1240, 207.9660, 227.6235, 7495.1240, 0.4407, 164.9818, 148.1669, 222.4528, 278.5828
771, 3386, 60.9260, 190.5946, 6196.5117, 87.4402, 217.1088, 6196.5117, 0.4407, 48.0552, 144.5615, 100.3110, 263.1419
772, 3388, 176.7138, 201.0164, 8699.7109, 205.2377, 229.5403, 8699.7109, 0.4407, 160.0171, 145.0258, 221.9345, 285.5310
773, 3390, 84.2236, 193.4633, 8740.7148, 110.4977, 219.7374, 8740.7148, 0.4407, 66.3291, 136.1824, 128.3922, 277.0183
773, 3388, 168.8303, 201.5819, 8818.9971, 197.0152, 229.7667, 8818.9971, 0.4407, 151.7525, 144.9418, 214.0930, 286.4067
774, 3390, 80.8880, 191.4599, 7495.1304, 109.3855, 219.9574, 7495.1304, 0.4407, 66.4013, 140.5007, 123.8722, 270.9167
774, 3388, 164.1646, 200.4662, 10424.4629, 192.0905, 228.3920, 10424.4629, 0.4407, 144.2386, 137.5275, 212.0165, 291.3307
775, 3390, 75.1359, 197.8145, 7335.6655, 103.6598, 226.3384, 7335.6655, 0.4407, 60.9698, 147.5658, 117.8259, 276.5872
775, 3388, 164.1117, 200.2614, 10565.6777, 191.8770, 228.0268, 10565.6777, 0.4407, 143.8767, 136.7234, 212.1121, 291.5648
776, 3390, 58.8799, 193.2312, 7329.0493, 87.0647, 221.4160, 7329.0493, 0.4407, 44.5571, 142.8419, 101.3875, 271.8053
776, 3388, 155.9740, 208.5977, 10541.1738, 183.6428, 236.2665, 10541.1738, 0.4407, 135.7303, 145.1012, 203.8865, 299.7630
777, 3390, 49.7593, 190.0374, 10309.0469, 77.6852, 217.9633, 10309.0469, 0.4407, 30.0217, 127.5252, 97.4229, 280.4756
777, 3388, 153.7789, 210.8258, 10520.1348, 181.3898, 238.4367, 10520.1348, 0.4407, 133.5403, 147.3776, 201.6285, 301.8849
778, 3388, 147.8647, 209.5547, 12406.2041, 175.4409, 237.1309, 12406.2041, 0.4407, 124.6826, 139.4495, 198.6230, 307.2361
779, 3394, 104.2123, 210.4590, 3630.7603, 130.4865, 236.7332, 3630.7603, 0.4407, 97.3494, 178.2116, 137.3494, 268.9806
780, 3394, 100.8552, 206.6567, 4320.1265, 129.3526, 235.1541, 4320.1265, 0.4407, 93.2877, 171.3995, 136.9201, 270.4114
782, 3388, 146.1919, 210.6501, 20198.2812, 174.2630, 238.7213, 20198.2812, 0.4407, 113.0553, 117.6401, 207.3996, 331.7312
783, 3388, 133.9877, 211.4692, 20440.4961, 161.8944, 239.3759, 20440.4961, 0.4407, 100.4870, 117.7368, 195.3951, 333.1083
784, 3397, 283.1129, 235.8054, 28240.5117, 309.3871, 262.0795, 28240.5117, 0.4407, 240.4712, 122.3687, 352.0287, 375.5162
784, 3388, 129.6687, 216.8718, 24372.3965, 157.4600, 244.6631, 24372.3965, 0.4407, 91.7467, 113.1801, 195.3820, 348.3548
785, 3397, 260.3318, 234.0002, 24897.2891, 288.8292, 262.4976, 24897.2891, 0.4407, 222.2074, 129.4030, 326.9536, 367.0947
785, 3388, 117.1089, 218.4548, 24703.4453, 144.8035, 246.1494, 24703.4453, 0.4407, 78.7878, 113.9190, 183.1247, 350.6852
786, 3388, 107.7154, 218.1821, 28324.9648, 135.3435, 245.8102, 28324.9648, 0.4407, 65.6675, 105.2328, 177.3914, 358.7595
787, 3388, 99.6830, 218.2435, 24933.4355, 127.2696, 245.8301, 24933.4355, 0.4407, 61.0654, 113.1044, 165.8873, 350.9692
788, 3388, 85.3383, 209.5192, 35053.0391, 112.8998, 237.0808, 35053.0391, 0.4407, 36.9756, 82.2833, 161.2625, 364.3167
789, 3388, 66.8024, 207.1944, 36049.1875, 94.3490, 234.7409, 36049.1875, 0.4407, 17.5553, 77.9615, 143.5961, 363.9738
792, 3402, 123.9959, 224.6592, 34712.5430, 150.2701, 250.9334, 34712.5430, 0.4407, 75.2924, 97.4657, 198.9737, 378.1269
793, 3404, 183.1918, 227.4682, 2542.2114, 209.4659, 253.7424, 2542.2114, 0.4407, 179.5935, 202.6286, 213.0642, 278.5820
794, 3404, 181.2588, 217.2187, 2572.5798, 209.7563, 245.7162, 2572.5798, 0.4407, 178.6725, 193.2646, 212.3425, 269.6703
795, 3404, 176.3564, 223.5844, 2193.2585, 204.8803, 252.1083, 2193.2585, 0.4407, 175.0739, 202.5723, 206.1627, 273.1205
796, 3404, 173.3556, 226.2149, 3005.6118, 201.5404, 254.3998, 3005.6118, 0.4407, 169.2511, 199.0144, 205.6449, 281.6003
797, 3404, 168.4749, 221.5016, 3088.7156, 196.4007, 249.4275, 3088.7156, 0.4407, 163.9910, 193.6047, 200.8846, 277.3244
798, 3404, 170.2163, 222.8447, 3611.2642, 197.9816, 250.6100, 3611.2642, 0.4407, 164.1527, 191.4649, 204.0452, 281.9898
799, 3407, 112.7127, 215.3243, 5133.8447, 138.9869, 241.5985, 5133.8447, 0.4407, 102.0676, 174.4941, 149.6320, 282.4288
799, 3404, 170.5635, 234.4893, 1683.0066, 198.2324, 262.1582, 1683.0066, 0.4407, 170.7812, 217.4242, 198.0147, 279.2233
800, 3407, 106.9128, 210.7741, 4465.1987, 135.4102, 239.2715, 4465.1987, 0.4407, 98.9820, 174.6924, 143.3409, 275.3531
801, 3408, 61.5150, 210.9946, 5290.3311, 87.7892, 237.2688, 5290.3311, 0.4407, 50.5102, 169.3481, 98.7941, 278.9153
802, 3408, 63.1041, 209.3329, 7203.6250, 91.6015, 237.8304, 7203.6250, 0.4407, 49.1816, 159.6544, 105.5240, 287.5089
803, 3408, 64.4891, 207.9718, 7394.2344, 93.0130, 236.4957, 7394.2344, 0.4407, 50.2097, 157.4660, 107.2924, 287.0014
803, 3404, 161.3091, 228.5575, 2971.1379, 189.4049, 256.6533, 2971.1379, 0.4407, 157.2161, 201.4396, 193.4980, 283.7711
804, 3411, 203.1666, 220.9719, 2614.2107, 229.4408, 247.2461, 2614.2107, 0.4407, 199.3330, 195.5984, 233.2745, 272.6195
804, 3408, 57.6911, 208.5181, 7376.5659, 85.8759, 236.7029, 7376.5659, 0.4407, 43.2763, 157.9201, 100.2907, 287.3008
804, 3404, 163.5827, 228.0512, 3640.5820, 191.5043, 255.9728, 3640.5820, 0.4407, 157.4996, 196.5280, 197.5875, 287.4961
805, 3411, 205.7614, 215.9834, 3039.7700, 234.2588, 244.4808, 3039.7700, 0.4407, 201.7100, 188.7053, 238.3101, 271.7589
805, 3408, 70.1183, 208.5536, 7356.0444, 98.0441, 236.4795, 7356.0444, 0.4407, 55.6137, 157.9162, 112.5487, 287.1169
805, 3404, 169.1460, 242.2522, 1705.0365, 196.9464, 270.0525, 1705.0365, 0.4407, 169.3319, 225.0315, 196.7605, 287.2732
806, 3411, 206.2303, 214.0202, 3080.7988, 234.7542, 242.5441, 3080.7988, 0.4407, 202.0691, 186.4761, 238.9155, 270.0882
806, 3408, 81.7715, 208.6568, 7346.6138, 109.5368, 236.4222, 7346.6138, 0.4407, 67.2049, 157.9805, 124.1034, 287.0985
807, 3411, 213.2878, 213.1230, 4294.3506, 241.4726, 241.3079, 4294.3506, 0.4407, 205.6291, 177.8575, 249.1313, 276.5734
807, 3408, 82.7954, 208.6995, 7343.0273, 110.4643, 236.3683, 7343.0273, 0.4407, 68.1876, 157.9906, 125.0721, 287.0772
808, 3411, 218.1839, 214.2938, 3187.5818, 246.1098, 242.2197, 3187.5818, 0.4407, 213.4072, 185.7324, 250.8866, 270.7812
808, 3408, 82.5863, 201.3332, 7341.7612, 110.1973, 228.9441, 7341.7612, 0.4407, 67.9520, 150.6009, 124.8316, 279.6764
809, 3412, 186.1068, 218.6774, 7314.9487, 212.3810, 244.9515, 7314.9487, 0.4407, 170.8559, 167.3951, 227.6319, 296.2339
809, 3411, 229.7496, 222.0704, 3584.1836, 257.5150, 249.8358, 3584.1836, 0.4407, 223.7610, 190.8607, 263.5037, 281.0454
809, 3408, 95.4509, 211.2437, 6208.8184, 123.0271, 238.8199, 6208.8184, 0.4407, 83.0854, 165.6823, 135.3927, 284.3813
810, 3412, 195.7474, 224.6557, 7394.9307, 224.2448, 253.1531, 7394.9307, 0.4407, 181.4534, 174.1337, 238.5388, 303.6752
810, 3411, 237.6742, 223.8992, 3633.6404, 265.3431, 251.5681, 3633.6404, 0.4407, 231.5007, 192.3312, 271.5166, 283.1361
810, 3408, 100.0780, 210.4550, 7233.1089, 127.6334, 238.0103, 7233.1089, 0.4407, 85.6271, 160.1743, 142.0843, 288.2910
811, 3412, 196.3039, 219.3271, 7370.2354, 224.8278, 247.8510, 7370.2354, 0.4407, 182.0709, 168.9264, 239.0608, 298.2516
811, 3411, 240.2741, 221.3024, 3106.0498, 267.8851, 248.9134, 3106.0498, 0.4407, 235.5811, 193.1308, 272.5781, 277.0849
811, 3408, 104.9579, 212.8409, 6221.5850, 132.5007, 240.3837, 6221.5850, 0.4407, 92.5487, 167.2019, 144.9098, 286.0227
812, 3412, 196.3142, 224.3269, 7352.7666, 224.4990, 252.5117, 7352.7666, 0.4407, 181.9455, 173.8333, 238.8678, 303.0054
812, 3411, 240.6708, 220.8348, 3053.3035, 268.2470, 248.4110, 3053.3035, 0.4407, 236.1181, 193.0038, 272.7997, 276.2419
812, 3408, 106.5423, 214.5709, 6113.6719, 134.0776, 242.1061, 6113.6719, 0.4407, 94.3574, 169.4457, 146.2625, 287.2313
813, 3412, 196.4834, 227.0895, 7345.3193, 224.4092, 255.0154, 7345.3193, 0.4407, 181.9996, 176.4991, 238.8930, 305.6058
813, 3411, 243.5601, 223.1550, 3587.1033, 271.1154, 250.7103, 3587.1033, 0.4407, 237.4583, 191.8220, 277.2172, 282.0433
813, 3408, 106.1590, 214.1521, 6119.4253, 133.6898, 241.6828, 6119.4253, 0.4407, 93.9596, 168.9970, 145.8892, 286.8379
814, 3412, 196.2840, 221.6443, 8699.3125, 224.0493, 249.4097, 8699.3125, 0.4407, 179.2088, 165.2758, 241.1245, 305.7783
814, 3411, 244.3901, 223.7233, 3643.2231, 271.9329, 251.2661, 3643.2231, 0.4407, 238.1272, 192.0325, 278.1959, 282.9569
814, 3408, 106.2544, 214.2561, 6128.8687, 133.7825, 241.7841, 6128.8687, 0.4407, 94.0336, 169.0543, 146.0033, 286.9860
815, 3412, 195.3495, 247.4812, 3984.2568, 223.0184, 275.1500, 3984.2568, 0.4407, 188.2330, 213.7728, 230.1348, 308.8584
815, 3411, 248.2422, 219.7873, 4328.9521, 275.7775, 247.3226, 4328.9521, 0.4407, 240.1713, 183.9985, 283.8483, 283.1113
815, 3408, 106.2323, 214.2319, 6133.3516, 133.7587, 241.7583, 6133.3516, 0.4407, 94.0012, 169.0077, 145.9898, 286.9825
816, 3411, 245.3361, 222.6003, 3700.3838, 272.8669, 250.1311, 3700.3838, 0.4407, 238.9106, 190.5481, 279.2924, 282.1832
816, 3408, 106.2384, 214.2385, 6135.0752, 133.7638, 241.7639, 6135.0752, 0.4407, 94.0031, 169.0056, 145.9991, 286.9968
817, 3411, 242.2636, 220.0663, 4313.4912, 269.7917, 247.5944, 4313.4912, 0.4407, 234.2282, 184.3625, 277.8271, 283.2982
817, 3408, 100.8447, 209.7459, 7268.1978, 128.3696, 237.2708, 7268.1978, 0.4407, 86.3101, 159.2951, 142.9043, 287.7215
818, 3411, 236.3863, 218.7326, 4378.2217, 263.9128, 246.2590, 4378.2217, 0.4407, 228.1871, 182.6581, 272.1119, 282.3335
818, 3408, 99.3912, 215.9319, 7376.4834, 126.9157, 243.4565, 7376.4834, 0.4407, 84.6463, 165.0043, 141.6605, 294.3841
819, 3411, 235.7039, 218.7155, 5164.6084, 263.2294, 246.2409, 5164.6084, 0.4407, 225.6133, 178.3495, 273.3200, 286.6069
819, 3408, 99.7459, 218.2219, 7363.5947, 127.2702, 245.7462, 7363.5947, 0.4407, 85.0259, 167.3506, 141.9902, 296.6175
820, 3411, 228.1266, 214.9770, 6109.0601, 255.6515, 242.5019, 6109.0601, 0.4407, 215.9462, 169.8692, 267.8319, 287.6098
821, 3411, 219.2022, 214.0574, 6180.7451, 246.7267, 241.5819, 6180.7451, 0.4407, 206.8698, 168.6049, 259.0591, 287.0343
822, 3411, 207.6790, 217.1871, 7293.0171, 235.2033, 244.7114, 7293.0171, 0.4407, 193.0957, 166.6266, 249.7866, 295.2719
823, 3411, 205.7398, 220.4306, 8743.1738, 233.2640, 247.9548, 8743.1738, 0.4407, 188.4659, 163.7649, 250.5378, 304.6205
823, 3408, 70.2124, 210.4723, 10422.1973, 98.2697, 238.5296, 10422.1973, 0.4407, 50.3558, 147.6076, 118.1263, 301.3943
824, 3411, 198.5478, 218.4162, 7496.6597, 226.0719, 245.9403, 7496.6597, 0.4407, 183.5714, 166.9637, 241.0483, 297.3929
824, 3408, 63.5069, 218.7290, 8947.0098, 91.4053, 246.6273, 8947.0098, 0.4407, 46.0604, 161.4343, 108.8518, 303.9221
825, 3411, 195.9500, 212.7343, 8692.9414, 223.4741, 240.2583, 8692.9414, 0.4407, 178.7654, 156.2711, 240.6587, 296.7216
825, 3408, 54.4835, 221.1773, 8769.1797, 82.2698, 248.9636, 8769.1797, 0.4407, 37.2945, 164.5382, 99.4588, 305.6027
826, 3411, 189.0484, 211.6131, 8815.4512, 216.5725, 239.1372, 8815.4512, 0.4407, 171.6465, 154.6569, 233.9745, 296.0934
826, 3408, 48.7539, 205.1603, 14159.7217, 76.4454, 232.8519, 14159.7217, 0.4407, 23.1032, 129.3796, 102.0961, 308.6326
827, 3411, 176.9975, 219.7805, 10423.0566, 204.5215, 247.3045, 10423.0566, 0.4407, 156.8728, 156.6460, 224.6461, 310.4389
827, 3408, 39.8388, 208.0951, 10908.3457, 67.4650, 235.7213, 10908.3457, 0.4407, 18.9854, 143.2420, 88.3185, 300.5745
828, 3411, 174.8343, 221.8423, 10565.1729, 202.3583, 249.3663, 10565.1729, 0.4407, 154.4794, 158.1854, 222.7132, 313.0232
829, 3411, 166.3217, 212.2991, 10541.0010, 193.8457, 239.8231, 10541.0010, 0.4407, 146.0058, 148.7308, 214.1615, 303.3913
830, 3422, 213.7533, 241.4731, 7470.1890, 240.6588, 268.3786, 7470.1890, 0.4407, 198.5185, 189.8262, 255.8936, 320.0255
830, 3411, 159.9033, 217.4916, 16665.3809, 187.4272, 245.0156, 16665.3809, 0.4407, 130.8165, 134.0198, 216.5140, 328.4874
831, 3411, 157.6904, 220.8615, 12992.6377, 185.2143, 248.3855, 12992.6377, 0.4407, 133.6185, 148.7701, 209.2861, 320.4769
832, 3411, 138.2856, 215.0861, 14393.5479, 165.8095, 242.6101, 14393.5479, 0.4407, 112.2263, 138.4846, 191.8688, 319.2117
836, 3411, 113.0869, 218.2349, 24750.6660, 141.1442, 246.2921, 24750.6660, 0.4407, 74.8972, 113.7675, 179.3339, 350.7595
837, 3411, 101.1067, 217.9849, 24655.9180, 129.0050, 245.8832, 24655.9180, 0.4407, 62.9375, 113.6651, 167.1742, 350.2029
