2, 4057, 509.0969, 186.6798, 5268.1299, 529.0950, 206.6778, 5268.1299, 0.4407, 495.0047, 142.0103, 543.1872, 251.3474
3, 4059, 463.8083, 247.1452, 16634.7207, 483.8078, 267.1447, 16634.7207, 0.4407, 430.9990, 160.0000, 516.6170, 354.2900
3, 4057, 520.6066, 202.1629, 8573.3555, 541.7173, 223.2736, 8573.3555, 0.4407, 500.4286, 142.9783, 561.8952, 282.4583
4, 4057, 530.5595, 224.7402, 14457.0615, 556.8336, 251.0143, 14457.0615, 0.4407, 503.7874, 147.3150, 583.6057, 328.4395
5, 4059, 470.3375, 246.6108, 16456.0684, 494.9592, 271.2325, 16456.0684, 0.4407, 440.0697, 162.2999, 525.2269, 355.5433
6, 4059, 486.8173, 232.2060, 20649.3340, 513.3315, 258.7202, 20649.3340, 0.4407, 452.3784, 137.2290, 547.7704, 353.6972
7, 4059, 499.9907, 229.8390, 21030.2031, 527.1232, 256.9716, 21030.2031, 0.4407, 465.4230, 134.1777, 561.6909, 352.6329
8, 4059, 515.2315, 230.2912, 20972.4824, 542.5577, 257.6174, 20972.4824, 0.4407, 480.8268, 134.8767, 576.9624, 353.0318
8, 4057, 572.7094, 196.8532, 8331.1904, 601.6163, 225.7601, 8331.1904, 0.4407, 556.8667, 142.5587, 617.4590, 280.0546
9, 4059, 530.0950, 230.1137, 20920.0117, 557.5042, 257.5229, 20920.0117, 0.4407, 495.7919, 134.8773, 591.8073, 352.7592
9, 4057, 588.8115, 179.1021, 3838.0229, 617.2234, 207.5139, 3838.0229, 0.4407, 582.4545, 146.6463, 623.5804, 239.9698
10, 4059, 551.5635, 275.4323, 9382.9736, 579.0188, 302.8876, 9382.9736, 0.4407, 533.1396, 216.2011, 597.4427, 362.1189
12, 4062, 260.5819, 233.7823, 6679.1304, 286.8561, 260.0564, 6679.1304, 0.4407, 246.5925, 185.3640, 300.8455, 308.4747
13, 4062, 266.7989, 242.2191, 6228.9277, 295.2963, 270.7166, 6228.9277, 0.4407, 254.8512, 197.0234, 307.2440, 315.9123
14, 4062, 275.9021, 218.7880, 11708.3857, 304.4260, 247.3119, 11708.3857, 0.4407, 254.2485, 151.5504, 326.0795, 314.5494
16, 4068, 623.2543, 246.5341, 20883.2188, 647.8760, 271.1558, 20883.2188, 0.4407, 587.5997, 150.0000, 683.5307, 367.6900
17, 4068, 632.5638, 245.5879, 20883.2188, 659.0780, 272.1021, 20883.2188, 0.4407, 597.8554, 150.0000, 693.7864, 367.6900
18, 4068, 651.2359, 250.4613, 15017.8926, 678.3684, 277.5939, 15017.8926, 0.4407, 624.1265, 171.7250, 705.4779, 356.3302
19, 4072, 723.4120, 232.1292, 20883.2188, 749.6862, 258.4034, 20883.2188, 0.4407, 688.5836, 136.4213, 784.5146, 354.1113
19, 4068, 668.5925, 245.1812, 16330.9219, 695.9187, 272.5074, 16330.9219, 0.4407, 639.8391, 162.5910, 724.6721, 355.0977
20, 4072, 733.6249, 218.3253, 16889.6406, 762.1223, 246.8227, 16889.6406, 0.4407, 704.7376, 134.6880, 791.0096, 330.4601
20, 4068, 678.4321, 232.0943, 20569.3066, 705.8413, 259.5035, 20569.3066, 0.4407, 644.5331, 137.7749, 739.7403, 353.8228
21, 4072, 750.2400, 226.9356, 20502.0312, 778.7639, 255.4595, 20502.0312, 0.4407, 716.9763, 133.3504, 812.0276, 349.0447
21, 4068, 691.7678, 241.9684, 20996.9414, 719.2230, 269.4237, 20996.9414, 0.4407, 657.3995, 146.5550, 753.5913, 364.8371
22, 4074, 512.3788, 163.7008, 2138.0811, 538.6530, 189.9750, 2138.0811, 0.4407, 510.1682, 142.0103, 540.8635, 211.6654
23, 4076, 1043.2147, 255.2997, 16634.7207, 1069.4890, 281.5739, 16634.7207, 0.4407, 1013.5429, 171.2918, 1099.1609, 365.5818
23, 4074, 516.5518, 159.3996, 1849.1071, 545.0493, 187.8970, 1849.1071, 0.4407, 516.5277, 141.2597, 545.0734, 206.0369
24, 4076, 1004.3431, 245.8781, 16634.7207, 1032.8406, 274.3755, 16634.7207, 0.4407, 975.7828, 162.9818, 1061.4009, 357.2718
24, 4074, 517.2119, 162.2533, 2133.8384, 545.7358, 190.7772, 2133.8384, 0.4407, 516.1415, 141.7223, 546.8063, 211.3083
25, 4076, 975.9241, 242.0247, 16634.7207, 1004.4480, 270.5486, 16634.7207, 0.4407, 947.3770, 159.1416, 1032.9950, 353.4316
25, 4074, 517.0952, 159.4406, 1845.3158, 545.2800, 187.6255, 1845.3158, 0.4407, 516.9294, 141.1777, 545.4457, 205.8884
26, 4076, 948.9810, 244.6651, 20627.2793, 977.1659, 272.8499, 20627.2793, 0.4407, 915.4030, 150.5811, 1010.7438, 366.9340
26, 4074, 517.4004, 162.6346, 2132.1233, 545.3264, 190.5605, 2132.1233, 0.4407, 516.0372, 141.8185, 546.6896, 211.3765
27, 4083, 788.6797, 247.0757, 16882.6348, 814.9539, 273.3499, 16882.6348, 0.4407, 758.6898, 162.3470, 844.9438, 358.0786
27, 4076, 924.1447, 243.5063, 17015.7363, 952.0706, 271.4322, 17015.7363, 0.4407, 894.8110, 159.2181, 981.4042, 355.7203
27, 4074, 514.0449, 167.0188, 1844.6704, 541.8103, 194.7841, 1844.6704, 0.4407, 513.6719, 148.5517, 542.1832, 213.2511
28, 4083, 795.8372, 242.8404, 20500.8691, 824.3346, 271.3378, 20500.8691, 0.4407, 762.5616, 149.2449, 857.6102, 364.9332
29, 4083, 821.6747, 245.0885, 20928.4199, 850.1986, 273.6124, 20928.4199, 0.4407, 787.9193, 150.3876, 883.9540, 368.3133
30, 4089, 527.4066, 162.1032, 1846.8262, 553.6807, 188.3774, 1846.8262, 0.4407, 526.2796, 142.8717, 554.8077, 207.6089
30, 4086, 399.2244, 230.3922, 20883.2188, 426.1299, 257.2978, 20883.2188, 0.4407, 364.7116, 135.0000, 460.6426, 352.6900
30, 4085, 894.8694, 245.0197, 21035.5352, 921.7749, 271.9252, 21035.5352, 0.4407, 860.1819, 149.2315, 956.4625, 367.7133
30, 4083, 839.6418, 244.6260, 20929.3711, 867.8267, 272.8108, 20929.3711, 0.4407, 805.7158, 149.7531, 901.7527, 367.6837
31, 4086, 411.7588, 230.2169, 20883.2188, 439.0150, 257.4731, 20883.2188, 0.4407, 377.4213, 135.0000, 473.3524, 352.6900
31, 4085, 918.9470, 243.9135, 16950.3047, 946.2031, 271.1696, 16950.3047, 0.4407, 889.3617, 159.4800, 975.7886, 355.6030
31, 4083, 841.9969, 243.5159, 16911.5527, 869.9229, 271.4417, 16911.5527, 0.4407, 812.7960, 159.5292, 899.1238, 355.4284
32, 4086, 426.4155, 230.1425, 20883.2188, 453.8206, 257.5475, 20883.2188, 0.4407, 392.1525, 135.0000, 488.0836, 352.6900
32, 4083, 809.3070, 249.7516, 14644.8965, 837.0723, 277.5169, 14644.8965, 0.4407, 783.0224, 172.4849, 863.3570, 354.7836
33, 4086, 441.0156, 230.1135, 20883.2188, 468.4785, 257.5765, 20883.2188, 0.4407, 406.7816, 135.0000, 502.7126, 352.6900
33, 4083, 778.9558, 245.1022, 16379.4160, 806.6246, 272.7711, 16379.4160, 0.4407, 750.3109, 162.5404, 835.2697, 355.3329
34, 4091, 549.8295, 230.6553, 17073.7324, 576.1036, 256.9295, 17073.7324, 0.4407, 519.5962, 145.3742, 606.3369, 342.2106
34, 4086, 464.7346, 209.5089, 12612.1172, 492.2237, 236.9980, 12612.1172, 0.4407, 441.2036, 138.6664, 515.7548, 307.8405
34, 4083, 755.8434, 249.4732, 14751.3740, 783.4543, 277.0841, 14751.3740, 0.4407, 729.3358, 171.7985, 809.9619, 354.7587
35, 4091, 563.7639, 230.0656, 16612.0723, 592.2614, 258.5630, 16612.0723, 0.4407, 535.2327, 147.2357, 620.7926, 341.3929
35, 4083, 741.6631, 251.8060, 14593.2656, 769.2393, 279.3821, 14593.2656, 0.4407, 715.3547, 174.6056, 795.5477, 356.5825
36, 4091, 575.4874, 229.8343, 16596.6934, 604.0114, 258.3582, 16596.6934, 0.4407, 546.9893, 147.0625, 632.5095, 341.1300
37, 4091, 589.7417, 240.7519, 16616.6348, 617.9265, 268.9368, 16616.6348, 0.4407, 561.0483, 157.7523, 646.6199, 351.9364
38, 4097, 1076.3477, 290.8079, 7435.0337, 1102.6218, 317.0821, 7435.0337, 0.4407, 1060.8643, 239.0000, 1118.1052, 368.8900
38, 4091, 613.6974, 243.7447, 16627.7637, 641.6234, 271.6706, 16627.7637, 0.4407, 584.8603, 160.5831, 670.4605, 354.8322
39, 4091, 629.6224, 243.1251, 16632.2520, 657.3878, 270.8904, 16632.2520, 0.4407, 600.6993, 159.8700, 686.3110, 354.1454
40, 4091, 641.9767, 243.3440, 16633.8770, 669.6455, 271.0129, 16633.8770, 0.4407, 613.0032, 160.0360, 698.6190, 354.3210
41, 4091, 655.1750, 243.3313, 16634.4375, 682.7859, 270.9423, 16634.4375, 0.4407, 626.1718, 159.9927, 711.7891, 354.2809
42, 4091, 675.6763, 244.7560, 20627.1699, 703.2524, 272.3322, 20627.1699, 0.4407, 641.7940, 150.3680, 737.1347, 366.7203
43, 4102, 588.0821, 229.3956, 20883.2188, 616.9808, 258.2944, 20883.2188, 0.4407, 554.5659, 135.0000, 650.4969, 352.6900
43, 4091, 680.0419, 245.1407, 21008.2461, 707.5972, 272.6960, 21008.2461, 0.4407, 645.7109, 149.7477, 741.9283, 368.0891
44, 4102, 602.8912, 229.6403, 20883.2188, 631.3006, 258.0497, 20883.2188, 0.4407, 569.1304, 135.0000, 665.0614, 352.6900
44, 4091, 691.3135, 245.0557, 20962.5840, 718.8563, 272.5985, 20962.5840, 0.4407, 657.0284, 149.7752, 753.1414, 367.8790
45, 4102, 629.6033, 228.1572, 10788.4072, 657.6984, 256.2523, 10788.4072, 0.4407, 609.1754, 163.9723, 678.1263, 320.4373
45, 4091, 707.2283, 245.0817, 20916.2734, 734.7635, 272.6170, 20916.2734, 0.4407, 672.9926, 149.9181, 768.9993, 367.7807
46, 4102, 643.8767, 202.3451, 9825.1992, 671.7542, 230.2226, 9825.1992, 0.4407, 624.9149, 141.6255, 690.7159, 290.9422
46, 4091, 733.5142, 245.0786, 20895.3418, 761.0449, 272.6093, 20895.3418, 0.4407, 699.3002, 149.9672, 795.2589, 367.7207
47, 4102, 652.9246, 195.6545, 9940.7402, 680.6626, 223.3924, 9940.7402, 0.4407, 633.7002, 134.4275, 699.8871, 284.6194
47, 4091, 751.6723, 245.0812, 20887.4258, 779.2003, 272.6093, 20887.4258, 0.4407, 717.4660, 149.9892, 813.4066, 367.7014
48, 4102, 662.8380, 224.4642, 20152.4805, 690.4905, 252.1168, 20152.4805, 0.4407, 629.5452, 131.3672, 723.7833, 345.2137
48, 4091, 761.6652, 233.0006, 16892.0977, 789.1916, 260.5270, 16892.0977, 0.4407, 732.2893, 148.8706, 818.5675, 344.6570
49, 4091, 779.1268, 241.8246, 20502.6797, 806.6522, 269.3501, 20502.6797, 0.4407, 745.3631, 147.7384, 840.4158, 363.4363
50, 4119, 574.5248, 172.5496, 3153.5393, 600.7990, 198.8238, 3153.5393, 0.4407, 569.0225, 143.3899, 606.3012, 227.9835
50, 4091, 795.2812, 245.8772, 20929.0586, 822.8060, 273.4021, 20929.0586, 0.4407, 761.0255, 150.6751, 857.0616, 368.6042
51, 4119, 576.4095, 163.0095, 1884.8525, 604.9070, 191.5070, 1884.8525, 0.4407, 576.2481, 144.5582, 605.0684, 209.9583
51, 4091, 822.3275, 244.8889, 20929.5859, 849.8520, 272.4134, 20929.5859, 0.4407, 788.0710, 149.6853, 884.1084, 367.6170
52, 4119, 578.6104, 168.8362, 2983.4614, 607.1343, 197.3601, 2983.4614, 0.4407, 574.7426, 141.9577, 611.0021, 224.2385
52, 4091, 839.8986, 245.1301, 20904.1699, 867.4229, 272.6544, 20904.1699, 0.4407, 805.6712, 149.9926, 901.6502, 367.7919
53, 4119, 582.4285, 176.3002, 3117.7378, 610.6133, 204.4850, 3117.7378, 0.4407, 577.9877, 148.3366, 615.0542, 232.4486
53, 4091, 863.5830, 243.6742, 16898.5957, 891.1071, 271.1984, 16898.5957, 0.4407, 834.1976, 159.5243, 920.4924, 355.3483
54, 4119, 583.7802, 177.1694, 3120.2312, 611.7061, 205.0953, 3120.2312, 0.4407, 579.2025, 149.0596, 616.2839, 233.2051
54, 4091, 884.0577, 244.7090, 20504.9941, 911.5818, 272.2331, 20504.9941, 0.4407, 850.2907, 150.6161, 945.3488, 366.3261
55, 4119, 588.4928, 172.1378, 3113.4170, 616.2582, 199.9031, 3113.4170, 0.4407, 583.8550, 143.9937, 620.8959, 228.0472
55, 4091, 910.5604, 245.1742, 20929.8496, 938.0845, 272.6982, 20929.8496, 0.4407, 876.3035, 149.9696, 972.3414, 367.9028
56, 4124, 560.9182, 166.6706, 1818.5702, 589.8170, 195.5694, 1818.5702, 0.4407, 561.2131, 149.0000, 589.5221, 213.2400
56, 4119, 592.0615, 173.8423, 3628.8643, 619.7304, 201.5111, 3628.8643, 0.4407, 585.9011, 142.3041, 625.8907, 233.0493
56, 4091, 928.6638, 257.3884, 20929.8516, 956.1877, 284.9125, 20929.8516, 0.4407, 894.4068, 162.1839, 990.4448, 380.1170
57, 4124, 560.8964, 166.9153, 1818.5702, 589.3057, 195.3247, 1818.5702, 0.4407, 560.9466, 149.0000, 589.2556, 213.2400
57, 4119, 597.2505, 179.9091, 3676.9524, 624.8615, 207.5201, 3676.9524, 0.4407, 590.9291, 148.0423, 631.1828, 239.3869
58, 4124, 563.8038, 168.6087, 2137.4448, 591.8989, 196.7038, 2137.4448, 0.4407, 562.5060, 147.8339, 593.1967, 217.4786
58, 4119, 598.5417, 180.9862, 3670.4912, 626.1179, 208.5624, 3670.4912, 0.4407, 592.2207, 149.1421, 632.4390, 240.4065
59, 4124, 564.6188, 169.1312, 2167.8706, 592.4962, 197.0087, 2167.8706, 0.4407, 563.1033, 148.0006, 594.0117, 218.1393
59, 4119, 603.8115, 178.3001, 4300.1523, 631.3668, 205.8555, 4300.1523, 0.4407, 595.8234, 142.6864, 639.3548, 241.4693
60, 4135, 537.2418, 162.5385, 3695.1357, 563.5160, 188.8126, 3695.1357, 0.4407, 530.2025, 129.8903, 570.5554, 221.4608
60, 4124, 564.5156, 169.0996, 2164.2207, 592.2535, 196.8376, 2164.2207, 0.4407, 562.9434, 147.9288, 593.8257, 218.0084
60, 4119, 604.7565, 175.2190, 3722.1887, 632.2993, 202.7618, 3722.1887, 0.4407, 598.2777, 143.0379, 638.7781, 234.9429
61, 4135, 537.2297, 164.4757, 2686.1804, 565.7272, 192.9731, 2686.1804, 0.4407, 534.2757, 139.6873, 568.6812, 217.7616
61, 4124, 564.1986, 166.2318, 2577.4355, 591.8512, 193.8844, 2577.4355, 0.4407, 561.1740, 141.8193, 594.8758, 218.2970
61, 4119, 610.5950, 177.1885, 4289.0454, 638.1303, 204.7238, 4289.0454, 0.4407, 602.6251, 141.6285, 646.1002, 240.2838
62, 4135, 541.2172, 162.1819, 3573.6458, 569.7410, 190.7058, 3573.6458, 0.4407, 535.6371, 131.4175, 575.3210, 221.4701
62, 4124, 568.6168, 168.3952, 2198.6357, 596.2180, 195.9964, 2198.6357, 0.4407, 566.8539, 146.8785, 597.9808, 217.5132
62, 4119, 612.4568, 177.9917, 4349.2568, 639.9875, 205.5224, 4349.2568, 0.4407, 604.3325, 142.0844, 648.1117, 241.4297
63, 4135, 542.1381, 161.2543, 3674.4448, 570.3229, 189.4392, 3674.4448, 0.4407, 536.1107, 129.6898, 576.3504, 221.0037
63, 4124, 569.8776, 169.3967, 2153.4465, 597.4479, 196.9670, 2153.4465, 0.4407, 568.2601, 148.2294, 599.0654, 218.1344
63, 4119, 616.9355, 183.5506, 4345.8979, 644.4636, 211.0786, 4345.8979, 0.4407, 608.8185, 147.6611, 652.5807, 246.9682
64, 4135, 542.0803, 161.6573, 3672.5354, 570.0062, 189.5832, 3672.5354, 0.4407, 535.9286, 129.9752, 576.1578, 221.2653
64, 4124, 569.1811, 171.1613, 2570.0720, 596.7330, 198.7131, 2570.0720, 0.4407, 566.1302, 146.7530, 599.7839, 223.1214
64, 4119, 624.1296, 185.1503, 4340.5527, 651.6560, 212.6768, 4340.5527, 0.4407, 616.0251, 149.2905, 659.7605, 248.5365
65, 4135, 543.3758, 164.4818, 3146.4038, 571.1411, 192.2472, 3146.4038, 0.4407, 538.6403, 136.1155, 575.8767, 220.6136
65, 4124, 574.0835, 171.7637, 2612.4333, 601.6243, 199.3044, 2612.4333, 0.4407, 570.8890, 147.0365, 604.8188, 224.0316
65, 4119, 629.1480, 178.5041, 3183.0769, 656.6734, 206.0295, 3183.0769, 0.4407, 624.1843, 149.7723, 661.6371, 234.7613
66, 4124, 575.4249, 171.6215, 2608.9971, 602.9589, 199.1555, 2608.9971, 0.4407, 572.2381, 146.9163, 606.1457, 223.8607
66, 4119, 631.1943, 181.5912, 5104.3267, 658.7191, 209.1160, 5104.3267, 0.4407, 621.2430, 141.5416, 668.6703, 249.1656
67, 4124, 575.1005, 171.6590, 2604.6877, 602.6306, 199.1890, 2604.6877, 0.4407, 571.9257, 146.9836, 605.8052, 223.8644
67, 4119, 631.9935, 184.8192, 4433.6602, 659.5180, 212.3438, 4433.6602, 0.4407, 623.6548, 148.4291, 667.8568, 248.7339
68, 4124, 579.2905, 171.6515, 2602.6909, 606.8182, 199.1791, 2602.6909, 0.4407, 576.1210, 146.9897, 609.9876, 223.8410
69, 4135, 547.1161, 167.9548, 3641.1584, 575.2374, 196.0761, 3641.1584, 0.4407, 541.1482, 136.5659, 581.2053, 227.4650
69, 4124, 580.3799, 171.6543, 2601.9294, 607.9061, 199.1805, 2601.9294, 0.4407, 577.2122, 146.9974, 611.0738, 223.8374
70, 4145, 653.8519, 185.0127, 6260.2017, 680.1261, 211.2869, 6260.2017, 0.4407, 640.7268, 138.5565, 693.2512, 257.7431
70, 4135, 549.5085, 165.3630, 3169.4143, 577.4456, 193.3001, 3169.4143, 0.4407, 544.7908, 136.9284, 582.1633, 221.7347
70, 4124, 582.7652, 171.4102, 1865.8774, 610.2905, 198.9355, 1865.8774, 0.4407, 582.1904, 152.6377, 610.8654, 217.7079
71, 4145, 654.4796, 182.7468, 6232.1440, 682.9770, 211.2442, 6232.1440, 0.4407, 642.5250, 137.5360, 694.9316, 256.4550
71, 4135, 549.1331, 161.2394, 2631.5098, 576.9427, 189.0491, 2631.5098, 0.4407, 546.0111, 136.5065, 580.0647, 213.7820
71, 4124, 585.0037, 171.5888, 2531.3518, 612.5285, 199.1136, 2531.3518, 0.4407, 582.0665, 147.4558, 615.4657, 223.2466
72, 4145, 660.3311, 189.8073, 6220.1904, 688.8549, 218.3312, 6220.1904, 0.4407, 648.4149, 144.6668, 700.7712, 263.4717
72, 4135, 549.0501, 160.3860, 2582.6470, 576.7557, 188.0916, 2582.6470, 0.4407, 546.0350, 135.9615, 579.7709, 212.5161
72, 4124, 588.0746, 172.9624, 2193.0425, 615.5991, 200.4868, 2193.0425, 0.4407, 586.2932, 151.4523, 617.3804, 221.9969
73, 4145, 662.4650, 191.6034, 6215.7583, 690.6498, 219.7882, 6215.7583, 0.4407, 650.3886, 146.3146, 702.7264, 265.0770
73, 4135, 553.2279, 160.6432, 2590.0630, 580.8626, 188.2778, 2590.0630, 0.4407, 550.1531, 136.1283, 583.9375, 212.7928
73, 4124, 590.0400, 171.9992, 2570.2766, 617.5643, 199.5235, 2570.2766, 0.4407, 586.9747, 147.5757, 620.6298, 223.9470
74, 4145, 675.2546, 191.3274, 6214.2119, 703.1805, 219.2533, 6214.2119, 0.4407, 663.0519, 145.9165, 715.3832, 264.6642
74, 4135, 550.2407, 160.6111, 2596.7993, 577.8313, 188.2017, 2596.7993, 0.4407, 547.1219, 136.0243, 580.9501, 212.7885
74, 4124, 594.7790, 171.2175, 3085.6863, 622.3032, 198.7417, 3085.6863, 0.4407, 590.1035, 143.1403, 626.9788, 226.8190
75, 4145, 679.0002, 191.5068, 6213.6880, 706.7654, 219.2721, 6213.6880, 0.4407, 666.7183, 146.0181, 719.0474, 264.7607
75, 4135, 552.9868, 160.6376, 2599.7974, 580.5508, 188.2016, 2599.7974, 0.4407, 549.8450, 136.0154, 583.6927, 212.8239
75, 4124, 595.9756, 171.2268, 3128.7329, 623.4997, 198.7508, 3128.7329, 0.4407, 591.1717, 142.8587, 628.3035, 227.1189
76, 4145, 684.7291, 191.5308, 6213.5127, 712.3978, 219.1997, 6213.5127, 0.4407, 672.3992, 145.9948, 724.7276, 264.7357
76, 4135, 550.8007, 164.3982, 3076.4585, 578.3487, 191.9462, 3076.4585, 0.4407, 546.1646, 136.3955, 582.9849, 219.9489
76, 4124, 599.7930, 171.2245, 3119.6956, 627.3170, 198.7486, 3119.6956, 0.4407, 595.0159, 142.9174, 632.0941, 227.0557
77, 4147, 664.1097, 172.5040, 2608.3433, 690.3840, 198.7781, 2608.3433, 0.4407, 660.2951, 147.1738, 694.1985, 224.1084
77, 4145, 693.3237, 198.1404, 6213.4551, 720.9346, 225.7514, 6213.4551, 0.4407, 680.9651, 152.5758, 733.2933, 271.3161
77, 4135, 553.1102, 161.6607, 2646.7017, 580.6487, 189.1991, 2646.7017, 0.4407, 549.8035, 136.6808, 583.9554, 214.1790
77, 4124, 603.9120, 174.1669, 3631.5630, 631.4360, 201.6909, 3631.5630, 0.4407, 597.6718, 142.5394, 637.6762, 233.3184
78, 4147, 666.6971, 175.2294, 2600.8799, 695.1945, 203.7268, 2600.8799, 0.4407, 664.0184, 151.0659, 697.8732, 227.8903
78, 4145, 702.0250, 199.9293, 6213.4360, 729.6011, 227.5055, 6213.4360, 0.4407, 689.6490, 154.3473, 741.9771, 273.0874
78, 4135, 557.0217, 166.3727, 5103.9878, 584.5543, 193.9053, 5103.9878, 0.4407, 547.0751, 126.3288, 594.5010, 233.9492
78, 4124, 606.4083, 176.9493, 3158.8718, 633.9324, 204.4733, 3158.8718, 0.4407, 601.5153, 148.3788, 638.8254, 233.0438
79, 4147, 667.9507, 176.4253, 2600.7830, 696.4746, 204.9492, 2600.7830, 0.4407, 665.2856, 152.2758, 699.1398, 229.0988
79, 4145, 707.3785, 194.2272, 7361.4399, 734.9337, 221.7826, 7361.4399, 0.4407, 692.6774, 143.3824, 749.6347, 272.6274
79, 4135, 558.0323, 170.6911, 4465.8008, 585.5616, 198.2203, 4465.8008, 0.4407, 549.6160, 134.1219, 593.9778, 234.7895
79, 4124, 611.7532, 177.2923, 3102.2222, 639.2772, 204.8163, 3102.2222, 0.4407, 607.0281, 149.1031, 644.0023, 233.0054
80, 4147, 668.9902, 177.5488, 2184.2673, 697.1751, 205.7336, 2184.2673, 0.4407, 667.5702, 156.4396, 698.5952, 226.8428
80, 4145, 714.0930, 182.7418, 3923.2976, 741.6357, 210.2846, 3923.2976, 0.4407, 707.0741, 149.3362, 748.6547, 243.6902
80, 4135, 558.1087, 170.8717, 4356.4023, 585.6359, 198.3988, 4356.4023, 0.4407, 549.9647, 134.9217, 593.7798, 234.3487
80, 4124, 612.9819, 177.2086, 3101.7288, 640.5059, 204.7326, 3101.7288, 0.4407, 608.2583, 149.0228, 645.2296, 232.9184
81, 4147, 671.7250, 180.2292, 3556.2229, 699.6509, 208.1551, 3556.2229, 0.4407, 665.8945, 149.2758, 705.4816, 239.1086
81, 4135, 563.8439, 170.8285, 4338.9033, 591.3698, 198.3543, 4338.9033, 0.4407, 555.7433, 134.9779, 599.4703, 234.2050
81, 4124, 612.6822, 177.2290, 3104.8896, 640.2062, 204.7530, 3104.8896, 0.4407, 607.9492, 149.0219, 644.9393, 232.9601
82, 4147, 674.2843, 177.8333, 3176.6982, 702.0496, 205.5987, 3176.6982, 0.4407, 669.4594, 149.2641, 706.8746, 234.1679
82, 4135, 565.4000, 170.8396, 4336.5454, 592.9252, 198.3647, 4336.5454, 0.4407, 557.3050, 135.0020, 601.0201, 234.2022
82, 4124, 616.8646, 177.2240, 3106.5356, 644.3885, 204.7480, 3106.5356, 0.4407, 612.1265, 149.0058, 649.1265, 232.9663
83, 4147, 679.6816, 176.9747, 3115.8774, 707.3505, 204.6436, 3115.8774, 0.4407, 674.9883, 148.7657, 712.0438, 232.8527
83, 4135, 565.2167, 174.1903, 5213.8887, 592.7415, 201.7150, 5213.8887, 0.4407, 555.0123, 133.5661, 602.9459, 242.3392
83, 4124, 616.7853, 175.2360, 3626.2693, 644.3093, 202.7599, 3626.2693, 0.4407, 610.5596, 143.6416, 650.5350, 234.3543
84, 4148, 743.6991, 192.1545, 5396.5981, 769.9733, 218.4287, 5396.5981, 0.4407, 732.4529, 149.9608, 781.2196, 260.6224
84, 4147, 683.8781, 180.1667, 3626.7207, 711.4890, 207.7776, 3626.7207, 0.4407, 677.6946, 148.6129, 717.6723, 239.3315
84, 4135, 566.2401, 169.0875, 6184.0220, 593.7645, 196.6119, 6184.0220, 0.4407, 553.9006, 123.6195, 606.1039, 242.0800
85, 4148, 750.0792, 198.8831, 7240.2129, 778.5767, 227.3805, 7240.2129, 0.4407, 736.0850, 149.0431, 792.5709, 277.2206
85, 4147, 684.3887, 180.9234, 3675.7078, 711.9648, 208.4996, 3675.7078, 0.4407, 678.0534, 149.0468, 718.3001, 240.3761
85, 4135, 566.7199, 165.2885, 3339.8389, 594.2442, 192.8127, 3339.8389, 0.4407, 561.3000, 135.5224, 599.6641, 222.5788
86, 4149, 626.4575, 178.1815, 4359.0532, 652.7317, 204.4556, 4359.0532, 0.4407, 617.6804, 141.5899, 661.5088, 241.0472
86, 4148, 756.5140, 206.5343, 10001.5078, 785.0378, 235.0582, 10001.5078, 0.4407, 737.5814, 145.4713, 803.9705, 296.1211
86, 4147, 690.0317, 180.7535, 3669.9839, 717.5870, 208.3088, 3669.9839, 0.4407, 683.7017, 148.9020, 723.9171, 240.1602
86, 4135, 566.4674, 173.7427, 5959.7622, 593.9916, 201.2668, 5959.7622, 0.4407, 554.6054, 129.3586, 605.8536, 245.6508
87, 4149, 630.0909, 177.4865, 4350.0508, 658.5883, 205.9839, 4350.0508, 0.4407, 622.4481, 142.0579, 666.2311, 241.4125
87, 4148, 762.7673, 208.5180, 8825.5879, 790.9521, 236.7028, 8825.5879, 0.4407, 745.6774, 151.8522, 808.0419, 293.3686
87, 4147, 691.6186, 180.8037, 3664.1055, 719.1613, 208.3465, 3664.1055, 0.4407, 685.2984, 148.9825, 725.4815, 240.1677
87, 4135, 571.5956, 167.5297, 3338.0554, 599.1198, 195.0538, 3338.0554, 0.4407, 566.1807, 137.7754, 604.5347, 224.8082
88, 4149, 632.0325, 177.2992, 4342.0928, 660.5564, 205.8231, 4342.0928, 0.4407, 624.4229, 141.9293, 668.1660, 241.1929
88, 4148, 776.1035, 207.3548, 10067.2354, 804.0294, 235.2807, 10067.2354, 0.4407, 756.7629, 145.7459, 823.3699, 296.8896
88, 4147, 696.5155, 181.9642, 3142.3616, 724.0507, 209.4995, 3142.3616, 0.4407, 691.6768, 153.5100, 728.8893, 237.9537
88, 4135, 578.4256, 166.7827, 3572.6750, 605.9497, 194.3068, 3572.6750, 0.4407, 572.3483, 135.5249, 612.0271, 225.5646
89, 4149, 634.6525, 177.0134, 3183.6108, 662.8374, 205.1982, 3183.6108, 0.4407, 630.0170, 148.6077, 667.4730, 233.6039
89, 4148, 787.3375, 206.8532, 10182.7705, 815.1028, 234.6186, 10182.7705, 0.4407, 767.7261, 144.7316, 834.7142, 296.7402
89, 4147, 698.0352, 182.2839, 3091.8181, 725.5659, 209.8146, 3091.8181, 0.4407, 693.3445, 154.1684, 730.2566, 237.9301
89, 4135, 575.4955, 174.4670, 6034.3696, 603.0195, 201.9910, 6034.3696, 0.4407, 563.4735, 129.7201, 615.0415, 246.7379
90, 4149, 635.7254, 176.9950, 3072.0679, 663.6513, 204.9209, 3072.0679, 0.4407, 631.2914, 149.2111, 668.0853, 232.7048
90, 4148, 800.1204, 192.9323, 5589.3481, 827.7892, 220.6012, 5589.3481, 0.4407, 789.1399, 150.4565, 838.7698, 263.0770
90, 4147, 702.2499, 185.9714, 3616.4851, 729.7778, 213.4995, 3616.4851, 0.4407, 696.0532, 154.4402, 735.9745, 245.0307
90, 4135, 580.7100, 175.8863, 6280.9507, 608.2341, 203.4103, 6280.9507, 0.4407, 568.1664, 129.9561, 620.7776, 249.3405
91, 4149, 635.5751, 177.1114, 3084.8174, 663.3404, 204.8768, 3084.8174, 0.4407, 631.0226, 149.1607, 667.8929, 232.8275
91, 4148, 808.0151, 211.4512, 9715.1973, 835.6261, 239.0621, 9715.1973, 0.4407, 789.1047, 151.0176, 854.5366, 299.4957
91, 4147, 703.5769, 187.0060, 3671.9229, 731.1033, 214.5324, 3671.9229, 0.4407, 697.2271, 155.1281, 737.4531, 246.4103
91, 4135, 582.8147, 175.5401, 6258.7461, 610.3387, 203.0641, 6258.7461, 0.4407, 570.3176, 129.7157, 622.8358, 248.8885
92, 4149, 638.6326, 181.8296, 5130.4976, 666.3013, 209.4985, 5130.4976, 0.4407, 628.6924, 141.7144, 676.2414, 249.6137
92, 4148, 815.4077, 217.5551, 12021.2324, 842.9838, 245.1313, 12021.2324, 0.4407, 792.8036, 148.7618, 865.5878, 313.9246
92, 4147, 708.5326, 182.9907, 3149.5825, 736.0580, 210.5161, 3149.5825, 0.4407, 703.6677, 154.4831, 740.9229, 239.0237
92, 4135, 582.3013, 175.6246, 6232.5352, 609.8254, 203.1486, 6232.5352, 0.4407, 569.8592, 129.9251, 622.2674, 248.8480
93, 4149, 639.4440, 183.1223, 5330.4585, 667.0549, 210.7333, 5330.4585, 0.4407, 629.0162, 141.9368, 677.4827, 251.9189
93, 4148, 829.0851, 202.1387, 6678.5454, 856.6404, 229.6941, 6678.5454, 0.4407, 815.7374, 154.3637, 869.9880, 277.4691
93, 4147, 714.1444, 182.0376, 3095.0400, 741.6693, 209.5625, 3095.0400, 0.4407, 709.4411, 153.8974, 746.3725, 237.7027
93, 4135, 588.4581, 167.0707, 3301.7002, 615.9821, 194.5947, 3301.7002, 0.4407, 583.1477, 137.5542, 621.2925, 224.1113
94, 4149, 639.2705, 182.8314, 5309.4751, 666.8467, 210.4076, 5309.4751, 0.4407, 628.8730, 141.7368, 677.2441, 251.5023
94, 4148, 839.7257, 201.0937, 7249.4038, 867.2684, 228.6365, 7249.4038, 0.4407, 825.2363, 150.7358, 881.7580, 278.9944
94, 4147, 721.1133, 186.0340, 3617.6978, 748.6378, 213.5585, 3617.6978, 0.4407, 714.9116, 154.4935, 754.8395, 245.0990
95, 4149, 644.0626, 184.4950, 4409.2026, 671.6179, 212.0504, 4409.2026, 0.4407, 635.8003, 148.2588, 679.8801, 248.2866
95, 4148, 852.7877, 214.9328, 16031.1221, 880.3229, 242.4681, 16031.1221, 0.4407, 824.5297, 133.3354, 908.5809, 324.0656
95, 4147, 722.6116, 186.9922, 3672.3489, 750.1359, 214.5165, 3672.3489, 0.4407, 716.2596, 155.1106, 756.4880, 246.3981
96, 4149, 645.3343, 184.9084, 4315.0781, 672.8770, 212.4512, 4315.0781, 0.4407, 637.3022, 149.2027, 680.9091, 248.1570
96, 4148, 863.2814, 226.1903, 15018.8027, 890.8120, 253.7210, 15018.8027, 0.4407, 836.3696, 147.6506, 917.7238, 332.2607
96, 4147, 727.1774, 186.7586, 3668.8098, 754.7015, 214.2827, 3668.8098, 0.4407, 720.8350, 154.8989, 761.0439, 246.1425
97, 4151, 605.9891, 185.1227, 6221.3208, 632.2633, 211.3969, 6221.3208, 0.4407, 592.9457, 138.8518, 645.3067, 257.6678
97, 4149, 650.7823, 190.5658, 4321.1802, 678.3175, 218.1011, 4321.1802, 0.4407, 642.7311, 154.8213, 686.3687, 253.8456
97, 4148, 881.3718, 227.3772, 12345.1191, 908.8998, 254.9053, 12345.1191, 0.4407, 858.2569, 157.4546, 932.0148, 324.8279
97, 4147, 732.5225, 185.1995, 4299.5698, 760.0466, 212.7236, 4299.5698, 0.4407, 724.5204, 149.5734, 768.0488, 248.3496
98, 4151, 603.0220, 175.4488, 5336.3125, 631.5195, 203.9462, 5336.3125, 0.4407, 593.0239, 134.6767, 641.5176, 244.7183
98, 4149, 654.2509, 190.5656, 5207.4663, 681.7816, 218.0964, 5207.4663, 0.4407, 644.0641, 149.9779, 691.9682, 258.6841
98, 4148, 899.4611, 218.7720, 10216.0371, 926.9874, 246.2984, 10216.0371, 0.4407, 879.6757, 156.4064, 946.7728, 308.6640
98, 4147, 738.1663, 190.5027, 4357.8545, 765.6903, 218.0268, 4357.8545, 0.4407, 730.0171, 154.5430, 773.8395, 253.9865
99, 4151, 604.8477, 174.6936, 6133.1636, 633.3715, 203.2175, 6133.1636, 0.4407, 593.1153, 129.9698, 645.1038, 247.9413
99, 4149, 654.4073, 184.5713, 6181.6631, 681.9354, 212.0994, 6181.6631, 0.4407, 642.0748, 139.1164, 694.2680, 257.5543
99, 4148, 911.8468, 225.1330, 14276.2490, 939.3722, 252.6585, 14276.2490, 0.4407, 885.9507, 148.9014, 965.2682, 328.8901
99, 4147, 739.3221, 192.1637, 4349.6611, 766.8461, 219.6877, 4349.6611, 0.4407, 731.1935, 156.2507, 774.9747, 255.6007
100, 4151, 610.8214, 182.4308, 7373.2290, 639.0062, 210.6156, 7373.2290, 0.4407, 596.4125, 131.8486, 653.4151, 261.1978
100, 4149, 654.3431, 188.5572, 5371.4590, 681.8695, 216.0836, 5371.4590, 0.4407, 643.7800, 147.1183, 692.4327, 257.5225
100, 4148, 923.6423, 227.9250, 14721.6035, 951.1672, 255.4499, 14721.6035, 0.4407, 897.1321, 150.3002, 977.6773, 333.0747
100, 4147, 744.7931, 191.7586, 4341.9595, 772.3171, 219.2826, 4341.9595, 0.4407, 736.6839, 155.8895, 780.4263, 255.1516
101, 4151, 613.9208, 177.2823, 6333.8477, 641.8467, 205.2082, 6333.8477, 0.4407, 601.4675, 131.3024, 654.2999, 251.1881
101, 4149, 660.0837, 190.2489, 5267.1147, 687.6091, 217.7744, 5267.1147, 0.4407, 649.7576, 149.3483, 697.9353, 258.6750
101, 4148, 943.6196, 240.3979, 16577.4102, 971.1440, 267.9224, 16577.4102, 0.4407, 914.6463, 157.1833, 1000.1174, 351.1369
101, 4147, 752.1661, 191.8574, 4338.5142, 779.6901, 219.3814, 4338.5142, 0.4407, 744.0656, 156.0080, 787.7906, 255.2307
102, 4151, 614.3497, 175.0298, 6205.1372, 642.1151, 202.7952, 6205.1372, 0.4407, 602.0859, 129.5819, 654.3788, 248.2431
102, 4149, 663.6166, 188.4453, 3230.1245, 691.1414, 215.9701, 3230.1245, 0.4407, 658.5147, 159.4003, 696.2433, 245.0151
102, 4148, 961.0558, 223.4251, 9199.5293, 988.5801, 250.9494, 9199.5293, 0.4407, 942.9822, 164.9451, 1006.6537, 309.4293
102, 4147, 753.3222, 191.8333, 4337.2168, 780.8462, 219.3573, 4337.2168, 0.4407, 745.2249, 155.9913, 788.9434, 255.1992
103, 4151, 615.9008, 175.0801, 5315.6040, 643.5696, 202.7489, 5315.6040, 0.4407, 605.5353, 134.0007, 653.9349, 243.8284
103, 4149, 664.8842, 185.3873, 4195.0703, 692.4087, 212.9118, 4195.0703, 0.4407, 657.1483, 150.3654, 700.1445, 247.9337
103, 4147, 758.7932, 191.8392, 4336.7603, 786.3171, 219.3632, 4336.7603, 0.4407, 750.6970, 155.9998, 794.4132, 255.2025
104, 4151, 622.4027, 184.8192, 9814.8398, 650.0137, 212.4301, 9814.8398, 0.4407, 603.3248, 124.0061, 669.0916, 273.2433
104, 4149, 669.5080, 190.2677, 6094.6660, 697.0322, 217.7920, 6094.6660, 0.4407, 657.3577, 145.2292, 709.1826, 262.8305
104, 4147, 765.3443, 191.8377, 4336.6055, 792.8682, 219.3617, 4336.6055, 0.4407, 757.2485, 155.9993, 800.9640, 255.2002
105, 4153, 1019.0775, 248.4668, 20485.4355, 1045.3518, 274.7410, 20485.4355, 0.4407, 984.7081, 153.8007, 1079.7212, 369.4071
105, 4151, 624.4857, 177.6028, 5687.4531, 652.0618, 205.1790, 5687.4531, 0.4407, 613.2419, 134.5886, 663.3055, 248.1933
105, 4149, 677.1948, 191.9348, 6274.2896, 704.7189, 219.4590, 6274.2896, 0.4407, 664.6653, 146.0363, 717.2484, 265.3575
105, 4147, 772.0317, 191.8381, 4336.5537, 799.5557, 219.3621, 4336.5537, 0.4407, 763.9361, 155.9999, 807.6512, 255.2002
106, 4153, 1045.8136, 241.8540, 17199.9707, 1074.3110, 270.3514, 17199.9707, 0.4407, 1016.5319, 157.3216, 1103.5929, 354.8839
106, 4151, 629.2620, 181.3829, 6096.1597, 656.8173, 208.9382, 6096.1597, 0.4407, 617.1240, 136.3529, 668.9553, 253.9682
106, 4149, 678.6965, 198.1030, 6251.7070, 706.2205, 225.6271, 6251.7070, 0.4407, 666.2142, 152.3120, 718.7028, 271.4181
106, 4147, 779.3040, 196.0130, 5214.0312, 806.8279, 223.5370, 5214.0312, 0.4407, 769.0988, 155.3876, 817.0330, 264.1623
107, 4153, 1071.6199, 239.8833, 14819.4395, 1100.1438, 268.4072, 14819.4395, 0.4407, 1045.4758, 162.4544, 1126.2878, 345.8360
107, 4151, 630.6669, 184.1375, 6185.1436, 658.2096, 211.6803, 6185.1436, 0.4407, 618.3341, 138.6738, 670.5425, 257.1441
107, 4149, 684.9050, 199.9751, 6229.3364, 712.4290, 227.4991, 6229.3364, 0.4407, 672.4696, 154.2908, 724.8643, 273.1834
107, 4147, 780.3893, 192.9638, 4420.2710, 807.9132, 220.4878, 4420.2710, 0.4407, 772.0837, 156.6491, 816.2188, 256.8024
108, 4153, 1101.6086, 243.4858, 20443.8848, 1129.7935, 271.6707, 20443.8848, 0.4407, 1068.2428, 149.8842, 1163.1593, 365.2722
108, 4151, 631.0955, 182.9038, 5319.6992, 658.6307, 210.4391, 5319.6992, 0.4407, 620.6541, 141.7363, 669.0721, 251.6066
108, 4149, 690.4297, 201.6347, 7367.2671, 717.9537, 229.1587, 7367.2671, 0.4407, 675.7019, 150.7484, 732.6815, 280.0450
108, 4147, 785.9728, 195.7384, 5203.9834, 813.4967, 223.2624, 5203.9834, 0.4407, 775.7908, 155.1655, 823.6788, 263.8353
109, 4153, 1132.2867, 230.6408, 15158.6455, 1160.2126, 258.5667, 15158.6455, 0.4407, 1105.3838, 151.8696, 1187.1155, 337.3379
109, 4151, 637.1963, 183.4838, 6126.7637, 664.7269, 211.0145, 6126.7637, 0.4407, 624.9810, 138.2941, 676.9423, 256.2042
109, 4149, 693.8754, 200.2005, 6325.0059, 721.3993, 227.7245, 6325.0059, 0.4407, 681.2396, 154.0616, 734.0351, 273.8634
109, 4147, 793.4189, 197.2057, 5287.5835, 820.9429, 224.7297, 5287.5835, 0.4407, 783.0454, 156.1981, 831.3165, 265.7374
110, 4153, 1149.4006, 240.9631, 20421.8848, 1177.1659, 268.7285, 20421.8848, 0.4407, 1115.8505, 147.2098, 1210.7159, 362.4818
110, 4151, 638.6933, 183.6354, 6222.9502, 666.2213, 211.1635, 6222.9502, 0.4407, 626.2734, 137.9836, 678.6412, 256.8153
110, 4149, 699.0149, 201.5797, 7348.9849, 726.5388, 229.1037, 7348.9849, 0.4407, 684.3224, 150.7738, 741.2313, 279.9097
110, 4147, 798.7224, 199.0586, 6169.4502, 826.2463, 226.5826, 6169.4502, 0.4407, 786.4135, 153.6601, 838.5551, 271.9811
111, 4153, 1169.7848, 251.1596, 15126.9678, 1197.4536, 278.8285, 15126.9678, 0.4407, 1142.7960, 172.3569, 1224.4423, 357.6313
111, 4151, 638.3292, 183.5996, 6223.5181, 665.8556, 211.1260, 6223.5181, 0.4407, 625.9073, 137.9444, 678.2776, 256.7813
111, 4149, 702.9765, 206.7887, 6309.8921, 730.5005, 234.3127, 6309.8921, 0.4407, 690.3723, 160.7214, 743.1047, 280.3800
111, 4147, 806.1426, 199.7420, 6246.7153, 833.6666, 227.2660, 6246.7153, 0.4407, 793.6708, 153.9745, 846.1382, 273.0336
112, 4151, 645.3687, 191.4782, 7366.0239, 672.8941, 219.0037, 7366.0239, 0.4407, 630.6440, 140.5981, 687.6188, 269.8837
112, 4149, 706.5249, 209.1269, 8466.6621, 734.0488, 236.6509, 8466.6621, 0.4407, 689.7451, 153.5849, 750.8286, 292.1930
112, 4147, 809.2971, 197.3645, 5346.7715, 836.8210, 224.8885, 5346.7715, 0.4407, 798.7886, 156.0516, 847.3295, 266.2015
113, 4151, 648.7524, 203.3330, 11839.6201, 676.2772, 230.8579, 11839.6201, 0.4407, 626.3985, 135.1406, 698.6312, 299.0503
113, 4149, 707.8533, 203.4564, 7562.7173, 735.3773, 230.9804, 7562.7173, 0.4407, 692.7500, 151.7183, 750.4806, 282.7185
113, 4147, 815.9178, 196.8091, 5250.5703, 843.4418, 224.3331, 5250.5703, 0.4407, 805.6287, 155.9937, 853.7309, 265.1484
114, 4151, 653.3821, 187.8371, 6727.1963, 680.9066, 215.3616, 6727.1963, 0.4407, 639.9203, 139.8232, 694.3684, 263.3756
114, 4149, 715.4348, 207.6500, 8562.4854, 742.9587, 235.1740, 8562.4854, 0.4407, 698.4827, 151.7168, 759.9108, 291.1071
114, 4147, 822.6665, 205.7301, 6141.9194, 850.1904, 233.2541, 6141.9194, 0.4407, 810.4157, 160.4640, 862.4411, 278.5202
115, 4151, 655.8476, 183.0487, 7285.2256, 683.3718, 210.5730, 7285.2256, 0.4407, 641.2791, 132.5235, 697.9404, 261.0983
115, 4149, 717.4758, 209.5943, 8660.5488, 744.9998, 237.1183, 8660.5488, 0.4407, 700.3483, 153.2632, 762.1272, 293.4494
115, 4147, 837.9280, 203.6076, 7382.8760, 865.4519, 231.1316, 7382.8760, 0.4407, 823.1702, 152.6525, 880.2098, 282.0867
116, 4151, 661.2388, 183.9870, 6253.0552, 688.7629, 211.5112, 6253.0552, 0.4407, 648.7537, 138.1898, 701.2480, 257.3084
116, 4149, 724.1962, 210.7391, 7526.1621, 751.7201, 238.2630, 7526.1621, 0.4407, 709.1627, 159.1594, 766.7536, 289.8427
116, 4147, 840.3763, 206.2940, 6338.2544, 867.9003, 233.8180, 6338.2544, 0.4407, 827.7130, 160.0921, 880.5636, 280.0199
117, 4151, 662.6857, 190.0903, 6169.1216, 690.2097, 217.6143, 6169.1216, 0.4407, 650.3773, 144.6941, 702.5181, 263.0105
117, 4149, 734.6608, 209.6723, 8532.1104, 762.1848, 237.1962, 8532.1104, 0.4407, 717.7633, 153.8628, 779.0824, 293.0057
117, 4147, 845.7391, 207.9285, 6206.8096, 873.2631, 235.4525, 6206.8096, 0.4407, 833.3512, 162.3518, 885.6510, 281.0292
118, 4151, 663.5298, 193.2726, 7336.3916, 691.0538, 220.7966, 7336.3916, 0.4407, 648.8618, 142.5220, 705.7219, 271.5472
118, 4149, 736.4207, 209.1010, 8647.2178, 763.9446, 236.6250, 8647.2178, 0.4407, 719.3170, 152.8239, 781.0483, 292.9021
118, 4147, 856.4013, 210.4679, 7350.5327, 883.9252, 237.9919, 7350.5327, 0.4407, 841.7059, 159.6551, 898.6207, 288.8048
119, 4151, 671.3353, 193.1611, 7460.8540, 698.8593, 220.6852, 7460.8540, 0.4407, 656.4271, 141.8656, 713.7675, 271.9807
119, 4149, 743.3879, 216.6370, 8645.4795, 770.9119, 244.1609, 8645.4795, 0.4407, 726.2874, 160.3669, 788.0126, 300.4310
119, 4147, 865.6106, 211.3575, 7465.8149, 893.1345, 238.8814, 7465.8149, 0.4407, 850.6929, 160.0402, 908.0522, 290.1987
120, 4151, 680.6267, 193.1883, 7454.1807, 708.1507, 220.7123, 7454.1807, 0.4407, 665.7313, 141.9218, 723.0460, 271.9788
120, 4149, 745.4872, 218.5975, 8637.6562, 773.0111, 246.1214, 8637.6562, 0.4407, 728.4005, 162.3591, 790.0978, 302.3598
120, 4147, 874.5595, 211.1405, 7455.8662, 902.0834, 238.6645, 7455.8662, 0.4407, 859.6609, 159.8666, 916.9821, 289.9384
121, 4151, 679.8718, 198.1374, 8567.5752, 707.3958, 225.6614, 8567.5752, 0.4407, 662.9106, 142.1835, 724.3569, 281.6154
121, 4149, 748.7935, 225.3638, 11876.3438, 776.3174, 252.8878, 11876.3438, 0.4407, 726.3831, 157.0442, 798.7278, 321.2074
121, 4147, 883.5720, 211.1934, 7443.8330, 911.0959, 238.7174, 7443.8330, 0.4407, 868.6965, 159.9720, 925.9714, 289.9388
122, 4151, 689.0114, 211.9387, 14318.1689, 716.5353, 239.4627, 14318.1689, 0.4407, 663.0562, 135.5750, 742.4906, 315.8263
122, 4149, 752.1505, 227.7216, 14590.1592, 779.6744, 255.2456, 14590.1592, 0.4407, 725.8199, 150.5058, 806.0051, 332.4614
122, 4147, 891.7471, 211.1805, 7438.2783, 919.2710, 238.7045, 7438.2783, 0.4407, 876.8823, 159.9833, 934.1359, 289.9016
123, 4151, 695.4877, 208.9818, 10612.9355, 723.0117, 236.5058, 10612.9355, 0.4407, 675.0555, 145.1507, 743.4439, 300.3368
123, 4149, 759.3006, 227.0065, 12376.2178, 786.8245, 254.5305, 12376.2178, 0.4407, 736.1370, 156.9768, 809.9880, 324.5602
123, 4147, 900.5262, 211.1836, 7436.1631, 928.0502, 238.7076, 7436.1631, 0.4407, 885.6655, 159.9957, 942.9109, 289.8955
124, 4151, 707.5277, 215.0870, 16233.0186, 735.0516, 242.6110, 16233.0186, 0.4407, 679.0002, 132.8853, 763.5792, 324.8126
124, 4149, 770.9303, 227.0332, 12081.2891, 798.4542, 254.5572, 12081.2891, 0.4407, 748.2095, 158.0078, 821.1752, 323.5827
124, 4147, 913.8677, 216.9604, 8559.7207, 941.3917, 244.4844, 8559.7207, 0.4407, 896.9207, 161.0384, 958.3387, 300.4065
125, 4151, 715.3252, 207.7892, 12513.5215, 742.8491, 235.3131, 12513.5215, 0.4407, 691.9575, 137.2957, 766.2169, 305.8065
125, 4149, 782.1988, 236.8889, 12063.8428, 809.7227, 264.4129, 12063.8428, 0.4407, 759.5043, 167.9231, 832.4172, 333.3787
125, 4147, 927.1198, 212.7410, 7542.4546, 954.6437, 240.2650, 7542.4546, 0.4407, 912.0552, 161.0905, 969.7083, 291.9154
126, 4151, 721.9673, 224.9458, 20323.6289, 749.4912, 252.4698, 20323.6289, 0.4407, 688.4106, 131.3314, 783.0479, 346.0843
126, 4149, 793.1333, 239.5498, 12072.6885, 820.6572, 267.0738, 12072.6885, 0.4407, 770.4255, 170.5535, 843.3650, 336.0700
126, 4147, 935.4823, 201.2901, 6274.2012, 963.0062, 228.8141, 6274.2012, 0.4407, 922.9527, 155.3922, 975.5358, 274.7120
127, 4151, 723.5051, 231.3361, 21101.2832, 751.0291, 258.8601, 21101.2832, 0.4407, 689.0517, 135.6865, 785.4825, 354.5097
127, 4149, 801.1294, 242.4799, 16356.8193, 828.6533, 270.0038, 16356.8193, 0.4407, 772.4412, 159.9123, 857.3415, 352.5714
127, 4147, 951.1513, 214.4882, 8436.7539, 978.6752, 242.0121, 8436.7539, 0.4407, 934.4255, 159.0686, 995.4010, 297.4317
128, 4151, 735.4577, 229.7773, 21028.4492, 762.9816, 257.3013, 21028.4492, 0.4407, 701.0876, 134.3167, 797.3517, 352.7620
128, 4149, 807.7090, 264.7289, 10665.3652, 835.2330, 292.2529, 10665.3652, 0.4407, 787.1927, 200.7057, 855.7493, 356.2761
128, 4147, 962.1855, 219.1216, 8673.8779, 989.7094, 246.6456, 8673.8779, 0.4407, 945.0342, 162.7366, 1006.8607, 303.0306
129, 4151, 738.8734, 230.1576, 20944.3516, 766.3973, 257.6815, 20944.3516, 0.4407, 704.5996, 134.9155, 800.6710, 352.9236
129, 4147, 971.9948, 226.1071, 10083.9180, 999.5187, 253.6311, 10083.9180, 0.4407, 952.4255, 164.2350, 1019.0880, 315.5033
130, 4151, 749.7087, 217.1577, 15040.5273, 777.2327, 244.6817, 15040.5273, 0.4407, 722.7643, 138.5476, 804.1771, 323.2918
130, 4147, 989.4710, 205.1650, 6509.0674, 1016.9949, 232.6890, 6509.0674, 0.4407, 976.4539, 158.1608, 1030.0121, 279.6932
131, 4154, 829.3987, 243.4321, 16651.5508, 855.6730, 269.7062, 16651.5508, 0.4407, 799.7050, 159.3757, 885.3668, 353.7626
131, 4151, 753.7175, 226.6071, 20331.3262, 781.2415, 254.1310, 20331.3262, 0.4407, 720.1520, 132.9720, 814.8070, 347.7661
131, 4147, 1003.1945, 212.6184, 9822.8125, 1030.7185, 240.1423, 9822.8125, 0.4407, 984.0596, 151.7318, 1049.8533, 301.0289
132, 4154, 839.5300, 243.1728, 16734.4785, 868.0275, 271.6703, 16734.4785, 0.4407, 810.8414, 159.9862, 896.7161, 354.8569
132, 4151, 765.4059, 230.9309, 20952.9766, 792.9298, 258.4549, 20952.9766, 0.4407, 731.1223, 135.6663, 827.2134, 353.7194
132, 4147, 1017.3975, 226.3474, 12020.8574, 1044.9214, 253.8714, 12020.8574, 0.4407, 994.7678, 157.5297, 1067.5511, 322.6891
133, 4154, 852.8427, 242.8034, 16684.7676, 881.3666, 271.3273, 16684.7676, 0.4407, 824.2311, 159.7747, 909.9780, 354.3560
133, 4151, 768.8860, 229.8762, 20952.1426, 796.4099, 257.4001, 20952.1426, 0.4407, 734.6033, 134.6138, 830.6926, 352.6626
133, 4147, 1033.3907, 228.0652, 10363.2451, 1060.9147, 255.5892, 10363.2451, 0.4407, 1013.3632, 165.1523, 1080.9423, 318.5021
134, 4154, 872.6988, 249.6451, 14781.6396, 900.8836, 277.8300, 14781.6396, 0.4407, 846.4368, 172.1636, 927.1456, 355.3114
134, 4151, 779.5430, 230.1335, 20914.2637, 807.0669, 257.6574, 20914.2637, 0.4407, 745.3038, 134.9696, 841.3061, 352.8213
134, 4147, 1050.2372, 227.2224, 11965.1738, 1077.7611, 254.7464, 11965.1738, 0.4407, 1027.6920, 158.5959, 1100.3063, 323.3729
135, 4154, 891.5275, 244.9493, 16463.0117, 919.4534, 272.8752, 16463.0117, 0.4407, 862.9028, 162.2702, 948.0781, 355.5541
135, 4151, 795.1803, 242.3984, 20894.9414, 822.7042, 269.9224, 20894.9414, 0.4407, 760.9632, 147.2849, 856.9212, 365.0359
135, 4147, 1067.4115, 213.9584, 7758.8452, 1094.9354, 241.4824, 7758.8452, 0.4407, 1051.9365, 161.3759, 1110.4104, 294.0649
136, 4154, 905.9979, 253.5152, 16658.5488, 933.7632, 281.2805, 16658.5488, 0.4407, 877.0407, 170.1836, 962.7203, 364.6122
136, 4151, 810.0248, 233.4102, 20887.3438, 837.5488, 260.9341, 20887.3438, 0.4407, 775.8165, 138.3164, 871.7570, 356.0279
136, 4147, 1084.0511, 233.6780, 14100.4922, 1111.5752, 261.2020, 14100.4922, 0.4407, 1058.3992, 158.0016, 1137.2271, 336.8784
137, 4154, 919.1291, 246.2966, 16657.2520, 946.7979, 273.9655, 16657.2520, 0.4407, 890.1254, 162.9205, 975.8015, 357.3416
137, 4151, 812.7350, 229.2714, 20884.6211, 840.2590, 256.7954, 20884.6211, 0.4407, 778.5298, 134.1848, 874.4641, 351.8821
137, 4147, 1096.2782, 230.6186, 12373.8623, 1123.8021, 258.1426, 12373.8623, 0.4407, 1073.1182, 160.5967, 1146.9622, 328.1645
138, 4154, 932.1378, 253.2951, 16644.8086, 959.7487, 280.9061, 16644.8086, 0.4407, 903.1212, 169.9263, 988.7653, 364.2749
138, 4151, 824.4016, 230.2810, 20883.6875, 851.9255, 257.8050, 20883.6875, 0.4407, 790.1975, 135.1968, 886.1296, 352.8892
138, 4147, 1119.1786, 236.3020, 14515.4785, 1146.7025, 263.8260, 14515.4785, 0.4407, 1092.9509, 159.3187, 1172.9302, 340.8092
139, 4154, 955.8441, 257.0995, 16638.5215, 983.4202, 284.6757, 16638.5215, 0.4407, 926.8182, 173.7316, 1012.4460, 368.0436
139, 4151, 839.3928, 242.3624, 20883.3730, 866.9167, 269.8864, 20883.3730, 0.4407, 805.1891, 147.2790, 901.1205, 364.9698
139, 4147, 1130.7150, 243.4198, 16586.6074, 1158.2390, 270.9438, 16586.6074, 0.4407, 1101.7296, 160.1782, 1187.2242, 354.1855
140, 4154, 971.7343, 256.1862, 16636.0566, 999.2896, 283.7415, 16636.0566, 0.4407, 942.7012, 172.8150, 1028.3226, 367.1127
140, 4151, 853.9729, 233.4189, 20883.2695, 881.4968, 260.9429, 20883.2695, 0.4407, 819.7693, 138.3358, 915.7004, 356.0261
140, 4147, 1153.3179, 243.3740, 16737.7910, 1180.8418, 270.8980, 16737.7910, 0.4407, 1124.1382, 159.6911, 1210.0215, 354.5810
141, 4154, 998.9600, 259.4586, 20627.7188, 1026.5028, 287.0014, 20627.7188, 0.4407, 965.0603, 165.0524, 1060.4022, 381.4076
141, 4151, 869.0753, 241.5970, 20883.2344, 896.5992, 269.1210, 20883.2344, 0.4407, 834.8718, 146.5139, 930.8029, 364.2040
142, 4154, 1023.4266, 257.1865, 17015.8848, 1050.9619, 284.7218, 17015.8848, 0.4407, 993.8975, 172.7027, 1080.4910, 369.2057
142, 4151, 884.0504, 245.9333, 20883.2227, 911.5743, 273.4573, 20883.2227, 0.4407, 849.8468, 150.8503, 945.7778, 368.5403
143, 4154, 1048.0494, 256.1823, 16589.0879, 1075.5802, 283.7130, 16589.0879, 0.4407, 1019.0645, 172.9361, 1104.5651, 366.9591
143, 4151, 880.0488, 277.8563, 9369.5371, 907.5728, 305.3802, 9369.5371, 0.4407, 861.6822, 218.7117, 925.9394, 364.5248
144, 4154, 1075.2091, 256.4291, 16588.4199, 1102.7371, 283.9572, 16588.4199, 0.4407, 1046.2238, 173.1835, 1131.7225, 367.2028
145, 4154, 1112.0334, 256.3701, 16613.7930, 1139.5598, 283.8965, 16613.7930, 0.4407, 1083.0145, 173.0494, 1168.5787, 367.2170
