19, 3623, 871.2718, 197.8566, 2136.1382, 897.5460, 224.1308, 2136.1382, 0.4407, 869.0682, 176.1821, 899.7496, 245.8054
20, 3623, 886.9152, 192.1247, 2591.5718, 915.4126, 220.6221, 2591.5718, 0.4407, 884.2667, 168.0300, 918.0609, 244.7168
21, 3625, 864.3270, 188.2103, 3538.8408, 890.6012, 214.4845, 3538.8408, 0.4407, 857.7190, 156.5409, 897.2092, 246.1539
21, 3623, 901.5651, 190.9480, 2628.4048, 930.0890, 219.4719, 2628.4048, 0.4407, 898.8102, 166.5950, 932.8438, 243.8248
22, 3625, 881.3047, 189.9716, 3668.6150, 909.8021, 218.4690, 3668.6150, 0.4407, 875.4495, 158.5997, 915.6573, 249.8408
23, 3625, 894.3076, 192.6954, 3652.2688, 922.8315, 221.2193, 3652.2688, 0.4407, 888.5104, 161.4386, 928.6287, 252.4760
24, 3624, 764.5941, 197.4913, 2034.8942, 792.5055, 225.4027, 2034.8942, 0.4407, 763.5770, 177.4706, 793.5226, 245.4235
34, 3639, 809.4197, 184.3012, 2151.8594, 835.6939, 210.5754, 2151.8594, 0.4407, 807.1599, 162.4986, 837.9538, 232.3779
35, 3639, 819.8417, 198.7546, 2577.0049, 848.3391, 227.2520, 2577.0049, 0.4407, 817.2409, 174.7677, 850.9399, 251.2389
36, 3639, 826.0576, 195.5216, 1879.9448, 854.5815, 224.0455, 1879.9448, 0.4407, 825.9282, 177.1261, 854.7110, 242.4410
45, 3648, 259.5051, 205.3890, 3576.5706, 285.7792, 231.6632, 3576.5706, 0.4407, 252.7919, 173.4816, 292.4924, 263.5706
46, 3648, 240.0965, 209.0125, 3659.5437, 268.5939, 237.5099, 3659.5437, 0.4407, 234.2661, 177.6972, 274.4244, 268.8251
47, 3648, 222.8884, 210.5094, 4295.3008, 251.4123, 239.0333, 4295.3008, 0.4407, 215.3969, 175.4079, 258.9037, 274.1349
64, 3673, 794.7142, 188.0536, 2632.1445, 820.9884, 214.3277, 2632.1445, 0.4407, 790.8224, 162.5483, 824.8802, 239.8330
65, 3673, 801.4752, 196.1910, 3069.9932, 829.9725, 224.6884, 3069.9932, 0.4407, 797.3331, 168.7070, 834.1147, 252.1725
66, 3673, 807.3271, 199.2729, 3105.2773, 835.8511, 227.7968, 3105.2773, 0.4407, 803.0929, 171.5630, 840.0853, 255.5067
67, 3679, 904.5640, 189.3641, 2547.8508, 930.8382, 215.6383, 2547.8508, 0.4407, 900.9471, 164.4826, 934.4550, 240.5198
67, 3678, 46.8822, 223.2768, 8934.0342, 73.1564, 249.5509, 8934.0342, 0.4407, 28.6461, 165.2222, 91.3925, 307.6055
67, 3673, 817.0822, 191.7051, 4252.7651, 845.2671, 219.8899, 4252.7651, 0.4407, 809.5292, 156.6790, 852.8201, 254.9160
68, 3679, 914.2357, 186.3905, 3070.0029, 942.7332, 214.8880, 3070.0029, 0.4407, 910.0936, 158.9064, 946.8752, 242.3721
68, 3673, 823.4183, 194.0796, 5167.8223, 851.3442, 222.0055, 5167.8223, 0.4407, 813.5204, 153.8972, 861.2421, 262.1880
69, 3679, 925.4275, 191.6373, 3616.2437, 953.9514, 220.1612, 3616.2437, 0.4407, 919.7294, 160.6057, 959.6494, 251.1929
69, 3673, 829.8813, 202.1807, 5229.2427, 857.6466, 229.9460, 5229.2427, 0.4407, 819.7617, 161.5973, 867.7662, 270.5294
70, 3679, 932.1471, 197.2974, 3653.7124, 960.3319, 225.4822, 3653.7124, 0.4407, 926.1763, 165.8622, 966.3027, 256.9174
71, 3679, 931.5334, 202.0061, 2685.3379, 959.4594, 229.9319, 2685.3379, 0.4407, 928.2963, 176.9382, 962.6966, 254.9998
71, 3676, 751.0090, 186.3075, 3154.5894, 778.8890, 214.1874, 3154.5894, 0.4407, 746.3066, 157.9436, 783.5915, 242.5514
72, 3679, 942.0217, 199.7287, 3033.7100, 969.7869, 227.4940, 3033.7100, 0.4407, 937.6225, 172.1261, 974.1861, 255.0967
72, 3676, 757.0256, 191.3308, 2642.9663, 784.8188, 219.1240, 2642.9663, 0.4407, 753.8583, 166.5057, 787.9860, 243.9491
73, 3687, 899.2208, 225.7105, 8959.6934, 925.4949, 251.9847, 8959.6934, 0.4407, 880.9397, 167.5535, 943.7759, 310.1418
73, 3685, 966.2865, 195.9369, 5151.9443, 992.5607, 222.2111, 5151.9443, 0.4407, 955.5994, 155.0119, 1003.2478, 263.1361
73, 3676, 763.2802, 183.4469, 2593.3652, 791.0033, 211.1701, 2593.3652, 0.4407, 760.2387, 158.9519, 794.0447, 235.6651
73, 3673, 841.2245, 198.8613, 2512.3667, 869.3458, 226.9827, 2512.3667, 0.4407, 838.6483, 175.1692, 871.9221, 250.6749
74, 3685, 950.7239, 209.0093, 8699.7373, 979.2214, 237.5067, 8699.7373, 0.4407, 934.0137, 153.0058, 995.9316, 293.5102
74, 3676, 763.9030, 186.4306, 3047.5686, 791.5566, 214.0843, 3047.5686, 0.4407, 759.4062, 158.6775, 796.0533, 241.8375
75, 3685, 971.3797, 218.2756, 12350.7002, 999.9036, 246.7995, 12350.7002, 0.4407, 948.7542, 148.8322, 1022.5291, 316.2429
75, 3676, 770.4429, 190.5984, 4251.9629, 798.0464, 218.2019, 4251.9629, 0.4407, 762.6013, 155.2863, 805.8881, 253.5140
76, 3695, 215.0603, 198.9175, 3086.2561, 241.3345, 225.1917, 3086.2561, 0.4407, 209.7579, 170.2116, 246.6369, 253.8976
76, 3693, 1059.4763, 207.5495, 7366.9131, 1085.7506, 233.8237, 7366.9131, 0.4407, 1044.1248, 156.0392, 1101.1023, 285.3340
76, 3676, 779.4964, 188.5478, 3203.9536, 807.0682, 216.1197, 3203.9536, 0.4407, 774.4946, 159.7002, 812.0700, 244.9673
77, 3695, 195.8112, 197.8394, 4242.3525, 224.3086, 226.3369, 4242.3525, 0.4407, 188.4409, 163.0299, 231.6788, 261.1464
77, 3693, 1086.1238, 227.4000, 14626.2344, 1114.6212, 255.8975, 14626.2344, 0.4407, 1060.2307, 150.5578, 1140.5144, 332.7397
77, 3676, 786.2448, 193.9974, 5043.1533, 813.7974, 221.5501, 5043.1533, 0.4407, 776.4498, 154.2855, 823.5923, 261.2620
78, 3695, 176.4166, 201.9911, 4352.4375, 204.9405, 230.5150, 4352.4375, 0.4407, 168.7809, 166.5623, 212.5762, 265.9438
78, 3693, 1109.5464, 237.6065, 19925.7188, 1138.0704, 266.1304, 19925.7188, 0.4407, 1076.9554, 145.5478, 1170.6613, 358.1891
78, 3676, 802.9430, 197.8710, 6077.8730, 830.4841, 225.4122, 6077.8730, 0.4407, 790.8370, 152.9217, 842.5901, 270.3615
79, 3676, 813.4688, 204.5778, 6142.9849, 841.0031, 232.1122, 6142.9849, 0.4407, 801.2212, 159.3112, 853.2506, 277.3788
80, 3676, 823.7501, 208.5568, 7281.7002, 851.2802, 236.0870, 7281.7002, 0.4407, 809.1916, 158.0494, 865.8387, 286.5944
81, 3676, 839.6651, 209.9483, 10296.4062, 867.1928, 237.4760, 10296.4062, 0.4407, 819.7488, 147.2843, 887.1091, 300.1400
82, 3676, 860.0059, 219.2728, 10554.0469, 887.5321, 246.7990, 10554.0469, 0.4407, 839.6700, 155.6578, 907.8679, 310.4140
83, 3676, 881.1674, 221.6418, 10504.1816, 908.6926, 249.1671, 10504.1816, 0.4407, 860.9117, 158.2094, 928.9483, 312.5995
84, 3676, 910.2108, 228.8801, 14815.0908, 937.7355, 256.4048, 14815.0908, 0.4407, 883.5729, 150.9653, 964.3734, 334.3196
85, 3715, 853.3593, 244.6644, 2205.5071, 879.6334, 270.9386, 2205.5071, 0.4407, 850.9086, 222.4291, 882.0841, 293.1739
85, 3676, 948.3407, 237.7240, 19833.5645, 975.8651, 265.2485, 19833.5645, 0.4407, 915.3585, 145.4118, 1008.8474, 357.5607
86, 3720, 404.7124, 190.2815, 1890.6196, 430.9865, 216.5557, 1890.6196, 0.4407, 403.4173, 170.6686, 432.2817, 236.1686
86, 3676, 983.1136, 234.9023, 17525.1191, 1010.6378, 262.4266, 17525.1191, 0.4407, 952.9358, 148.9539, 1040.8157, 348.3751
98, 3755, 929.3395, 188.8334, 2155.6516, 955.6138, 215.1076, 2155.6516, 0.4407, 927.0661, 167.0000, 957.8871, 236.9410
99, 3758, 1034.0455, 193.2556, 3076.2729, 1060.3197, 219.5298, 3076.2729, 0.4407, 1028.7731, 164.6172, 1065.5922, 248.1681
99, 3755, 933.7790, 187.7218, 2155.6516, 962.2764, 216.2192, 2155.6516, 0.4407, 932.6172, 167.0000, 963.4382, 236.9410
100, 3758, 1050.4481, 192.8106, 3112.9827, 1078.9454, 221.3080, 3112.9827, 0.4407, 1046.1776, 165.0354, 1083.2159, 249.0832
100, 3755, 945.7938, 187.7086, 2155.6516, 974.3177, 216.2325, 2155.6516, 0.4407, 944.6453, 167.0000, 975.4663, 236.9410
101, 3755, 956.3066, 187.8781, 2155.6516, 984.4915, 216.0629, 2155.6516, 0.4407, 954.9885, 167.0000, 985.8096, 236.9410
102, 3755, 969.6469, 190.8837, 2581.4316, 997.5728, 218.8096, 2581.4316, 0.4407, 966.7458, 166.5781, 1000.4738, 243.1151
103, 3755, 982.9040, 188.7586, 3070.8237, 1010.6693, 216.5239, 3070.8237, 0.4407, 978.3935, 160.9027, 1015.1799, 244.3798
104, 3755, 994.0486, 187.8138, 3108.7773, 1021.7174, 215.4827, 3108.7773, 0.4407, 989.3765, 159.6527, 1026.3895, 243.6439
105, 3755, 1005.0540, 188.0850, 3098.7034, 1032.6649, 215.6960, 3098.7034, 0.4407, 1000.3829, 159.9630, 1037.3361, 243.8180
106, 3755, 1017.3457, 191.7437, 3597.1348, 1044.9219, 219.3199, 3597.1348, 0.4407, 1011.2266, 160.3580, 1051.0410, 250.7056
107, 3755, 1033.1812, 193.1752, 3136.3433, 1060.7365, 220.7305, 3136.3433, 0.4407, 1028.3702, 164.7716, 1065.5472, 249.1341
108, 3755, 1051.3677, 196.8586, 4236.8896, 1078.9104, 224.4014, 4236.8896, 0.4407, 1043.5341, 161.6033, 1086.7440, 259.6567
109, 3755, 1065.3730, 197.9241, 4346.6938, 1092.9082, 225.4593, 4346.6938, 0.4407, 1057.2574, 162.0337, 1101.0238, 261.3497
110, 3755, 1083.8838, 197.6673, 4336.5449, 1111.4146, 225.1981, 4336.5449, 0.4407, 1075.7916, 161.8326, 1119.5067, 261.0328
111, 3755, 1105.9592, 197.9468, 5985.0767, 1133.4872, 225.4748, 5985.0767, 0.4407, 1094.0450, 153.4406, 1145.4012, 269.9810
112, 3773, 684.7656, 182.3426, 1811.1624, 709.3873, 206.9642, 1811.1624, 0.4407, 682.9508, 162.5989, 711.2021, 226.7079
112, 3755, 1123.0450, 197.9901, 6138.0986, 1150.5714, 225.5165, 6138.0986, 0.4407, 1110.8040, 152.7428, 1162.8125, 270.7639
113, 3773, 683.3146, 183.0444, 2129.2278, 709.8287, 209.5586, 2129.2278, 0.4407, 681.2559, 161.5461, 711.8875, 231.0569
114, 3773, 682.8004, 183.5860, 2162.8816, 709.9330, 210.7186, 2162.8816, 0.4407, 680.9304, 162.1233, 711.8031, 232.1813
119, 3783, 421.1590, 202.5596, 2667.5737, 447.4331, 228.8338, 2667.5737, 0.4407, 417.1530, 176.7951, 451.4391, 254.5983
120, 3784, 682.0650, 185.4200, 3624.5564, 708.3392, 211.6942, 3624.5564, 0.4407, 675.2191, 153.2116, 715.1851, 243.9026
120, 3783, 409.7220, 202.5927, 2613.0034, 438.2194, 231.0901, 2613.0034, 0.4407, 407.0038, 178.3398, 440.9375, 255.3430
121, 3784, 682.9827, 183.9230, 4274.6519, 711.4802, 212.4204, 4274.6519, 0.4407, 675.5303, 148.9271, 718.9325, 247.4163
121, 3783, 396.4400, 204.0563, 3056.1455, 424.9639, 232.5802, 3056.1455, 0.4407, 392.3527, 176.6797, 429.0512, 259.9568
122, 3783, 381.8960, 209.4055, 3605.2375, 410.0807, 237.5904, 3605.2375, 0.4407, 376.0587, 178.2733, 415.9180, 268.7226
123, 3783, 370.3437, 216.4563, 4298.8481, 398.2696, 244.3822, 4298.8481, 0.4407, 362.5442, 181.0353, 406.0690, 279.8031
124, 3783, 354.6524, 221.3628, 6010.4678, 382.4177, 249.1281, 6010.4678, 0.4407, 342.8025, 176.8519, 394.2677, 293.6390
125, 3783, 331.6823, 222.0324, 6153.3550, 359.3511, 249.7013, 6153.3550, 0.4407, 319.4801, 176.7832, 371.5533, 294.9506
126, 3783, 314.8684, 228.4846, 6123.3096, 342.4794, 256.0955, 6123.3096, 0.4407, 302.7010, 183.3506, 354.6468, 301.2294
127, 3784, 676.9064, 187.4367, 3077.7915, 706.1113, 216.6416, 3077.7915, 0.4407, 673.0947, 160.2534, 709.9230, 243.8248
127, 3783, 299.5135, 236.0647, 6099.3359, 327.0897, 263.6409, 6099.3359, 0.4407, 287.3796, 191.0289, 339.2236, 308.6768
128, 3784, 675.0945, 180.4944, 3592.0513, 703.7062, 209.1061, 3592.0513, 0.4407, 669.5072, 149.6585, 709.2935, 239.9421
129, 3784, 671.3344, 176.5202, 4290.7988, 699.5557, 204.7416, 4290.7988, 0.4407, 663.7029, 141.2933, 707.1871, 239.9685
130, 3784, 667.0836, 171.8345, 3191.0066, 695.0374, 199.7883, 3191.0066, 0.4407, 662.3107, 143.2641, 699.8102, 228.3587
131, 3784, 669.9846, 170.4193, 4223.0552, 697.7684, 198.2030, 4223.0552, 0.4407, 662.3068, 135.3645, 705.4462, 233.2578
139, 3804, 565.2147, 218.6384, 9956.3223, 591.4889, 244.9126, 9956.3223, 0.4407, 545.2327, 156.6201, 611.4709, 306.9308
146, 3808, 684.7190, 193.5163, 3210.8694, 710.9932, 219.7905, 3210.8694, 0.4407, 679.0481, 163.9738, 716.6641, 249.3329
147, 3808, 689.1324, 190.7181, 4234.8052, 717.6299, 219.2156, 4234.8052, 0.4407, 681.7815, 155.9522, 724.9808, 253.9816
175, 3827, 598.4265, 187.9756, 2155.7654, 626.3064, 215.8555, 2155.7654, 0.4407, 596.9554, 166.9442, 627.7773, 236.8870
202, 3839, 614.1629, 205.5709, 8844.8613, 640.4371, 231.8450, 8844.8613, 0.4407, 596.0838, 147.8726, 658.5163, 289.5433
212, 3853, 652.7538, 239.3379, 19983.2285, 679.0281, 265.6121, 19983.2285, 0.4407, 618.9709, 146.0000, 712.8109, 358.9500
212, 3852, 917.3350, 216.3216, 3113.4446, 943.6092, 242.5958, 3113.4446, 0.4407, 911.9516, 187.4317, 948.9926, 271.4857
213, 3853, 651.6478, 244.9545, 17289.6016, 680.1453, 273.4520, 17289.6016, 0.4407, 622.2532, 160.1642, 709.5399, 358.2423
213, 3852, 929.9680, 216.1978, 3606.3193, 958.4655, 244.6952, 3606.3193, 0.4407, 924.2841, 185.2151, 964.1494, 275.6779
217, 3862, 736.7930, 189.7704, 3117.7815, 763.0673, 216.0446, 3117.7815, 0.4407, 731.3967, 160.8513, 768.4636, 244.9637
218, 3862, 738.4774, 187.0831, 3098.8716, 766.9748, 215.5805, 3098.8716, 0.4407, 734.2490, 159.4034, 771.2032, 243.2603
219, 3862, 742.7418, 195.6602, 2642.0417, 771.2657, 224.1841, 2642.0417, 0.4407, 739.9428, 171.2073, 774.0646, 248.6370
220, 3862, 738.6166, 192.0218, 4200.8008, 766.8015, 220.2066, 4200.8008, 0.4407, 731.1962, 157.2968, 774.2219, 254.9316
221, 3862, 744.7178, 196.9921, 3202.2188, 772.6437, 224.9180, 3202.2188, 0.4407, 739.8981, 168.3331, 777.4634, 253.5770
222, 3862, 751.0952, 204.3520, 3078.4131, 778.8605, 232.1173, 3078.4131, 0.4407, 746.5618, 176.4448, 783.3939, 260.0246
223, 3862, 757.0166, 199.3235, 5891.3936, 784.6854, 226.9924, 5891.3936, 0.4407, 745.3745, 155.3458, 796.3275, 270.9700
224, 3862, 756.2977, 199.0084, 7333.7407, 783.9087, 226.6194, 7333.7407, 0.4407, 741.6785, 148.3123, 798.5278, 277.3156
225, 3862, 762.8482, 199.8357, 7416.1377, 790.4244, 227.4119, 7416.1377, 0.4407, 748.0524, 148.7610, 805.2202, 278.4866
226, 3862, 772.8532, 204.8098, 6203.6255, 800.4085, 232.3651, 6203.6255, 0.4407, 760.4880, 159.2633, 812.7738, 277.9117
227, 3862, 780.9968, 219.4055, 6064.3325, 808.5396, 246.9483, 6064.3325, 0.4407, 768.9205, 174.5223, 820.6158, 291.8315
228, 3873, 877.2089, 265.4844, 3580.3625, 903.4831, 291.7585, 3580.3625, 0.4407, 870.4854, 233.5530, 910.2067, 323.6899
228, 3862, 795.5419, 222.6038, 6066.1465, 823.0771, 250.1391, 6066.1465, 0.4407, 783.4580, 177.7079, 835.1609, 295.0349
232, 3880, 988.8567, 244.6861, 17522.8320, 1015.1309, 270.9603, 17522.8320, 0.4407, 958.0569, 158.1186, 1045.9307, 357.5276
232, 3879, 843.3339, 266.0732, 12482.1768, 869.6082, 292.3473, 12482.1768, 0.4407, 819.3879, 195.0604, 893.5541, 363.3602
233, 3880, 1006.4925, 240.8752, 19820.5586, 1034.9899, 269.3726, 19820.5586, 0.4407, 974.0124, 149.0835, 1067.4700, 361.1643
243, 3896, 499.5802, 192.3431, 2166.7842, 525.8544, 218.6173, 2166.7842, 0.4407, 497.2670, 170.4197, 528.1677, 240.5407
244, 3896, 488.4619, 191.5400, 2588.2251, 516.9594, 220.0374, 2588.2251, 0.4407, 485.8245, 167.4700, 519.5968, 244.1074
245, 3896, 477.9458, 191.1163, 2624.8462, 506.4697, 219.6402, 2624.8462, 0.4407, 475.2025, 166.7895, 509.2130, 243.9671
246, 3896, 471.6138, 200.4435, 2618.2068, 499.7986, 228.6283, 2618.2068, 0.4407, 468.7225, 175.9960, 502.6900, 253.0759
248, 3902, 441.3776, 198.6985, 3059.1501, 468.2831, 225.6040, 3059.1501, 0.4407, 436.4720, 170.4923, 473.1886, 253.8102
249, 3908, 466.4593, 192.9875, 2136.1382, 492.7335, 219.2617, 2136.1382, 0.4407, 464.2556, 171.3130, 494.9370, 240.9363
249, 3902, 430.3989, 199.3930, 3100.8579, 457.6551, 226.6491, 3100.8579, 0.4407, 425.5440, 171.0791, 462.5100, 254.9630
250, 3908, 456.0887, 195.8165, 2165.6816, 484.5861, 224.3139, 2165.6816, 0.4407, 454.8910, 175.0136, 485.7838, 245.1168
250, 3902, 414.3646, 204.0293, 3095.3579, 441.7697, 231.4344, 3095.3579, 0.4407, 409.6005, 175.8271, 446.5338, 259.6366
251, 3912, 701.9565, 189.0794, 2205.5071, 728.2307, 215.3536, 2205.5071, 0.4407, 699.5059, 166.8441, 730.6814, 237.5889
251, 3908, 446.2654, 197.3807, 2587.7537, 474.7894, 225.9046, 2587.7537, 0.4407, 443.6428, 173.3275, 477.4121, 249.9579
251, 3902, 398.2145, 204.2665, 4245.8311, 425.6775, 231.7295, 4245.8311, 0.4407, 390.3182, 168.9196, 433.5738, 267.0764
252, 3912, 701.1093, 188.5816, 1840.1158, 729.6067, 217.0790, 1840.1158, 0.4407, 701.1199, 170.5207, 729.5961, 235.1400
252, 3908, 440.3558, 201.4448, 2624.6904, 468.5406, 229.6296, 2624.6904, 0.4407, 437.4435, 176.9495, 471.4530, 254.1248
252, 3902, 384.9219, 209.1375, 5164.8735, 412.4109, 236.6265, 5164.8735, 0.4407, 374.8123, 168.7521, 422.5205, 277.0119
253, 3902, 363.7990, 213.6855, 6077.3525, 391.3022, 241.1887, 6077.3525, 0.4407, 351.6752, 168.7197, 403.4261, 286.1545
254, 3916, 726.7434, 191.9842, 2590.6228, 753.0176, 218.2584, 2590.6228, 0.4407, 722.9866, 166.7848, 756.7745, 243.4578
254, 3902, 346.0880, 220.6391, 6135.3853, 373.5995, 248.1506, 6135.3853, 0.4407, 333.8452, 175.3976, 385.8424, 293.3921
255, 3920, 423.3487, 205.5227, 3605.0452, 449.6228, 231.7969, 3605.0452, 0.4407, 416.5566, 173.4365, 456.4149, 263.8831
255, 3918, 707.0335, 192.3966, 2632.1445, 733.3077, 218.6707, 2632.1445, 0.4407, 703.1417, 166.8913, 737.1995, 244.1760
255, 3916, 731.3880, 191.3887, 2625.6519, 759.8854, 219.8862, 2625.6519, 0.4407, 728.6289, 167.0427, 762.6445, 244.2322
255, 3902, 326.7173, 222.5133, 8740.7285, 354.2338, 250.0298, 8740.7285, 0.4407, 309.4439, 165.8536, 371.5072, 306.6895
256, 3919, 446.4274, 198.6905, 1821.2507, 471.0490, 223.3122, 1821.2507, 0.4407, 444.5732, 178.8578, 472.9032, 243.1448
256, 3918, 706.0054, 197.3379, 3069.9932, 734.5028, 225.8353, 3069.9932, 0.4407, 701.8633, 169.8538, 738.6450, 253.3193
256, 3916, 733.8309, 192.2911, 3067.2534, 762.3547, 220.8150, 3067.2534, 0.4407, 729.7102, 164.8389, 766.4753, 248.2672
256, 3902, 306.3063, 229.5520, 8975.3408, 333.8258, 257.0714, 8975.3408, 0.4407, 288.6207, 171.9551, 351.5115, 314.6683
257, 3919, 440.0141, 202.0855, 1821.2507, 466.5283, 228.5997, 1821.2507, 0.4407, 439.1062, 183.1991, 467.4362, 247.4861
257, 3916, 740.6353, 197.3468, 3610.1567, 768.8202, 225.5316, 3610.1567, 0.4407, 734.7845, 166.1837, 774.6709, 256.6946
257, 3902, 281.9871, 239.8140, 10397.5176, 309.5084, 267.3353, 10397.5176, 0.4407, 261.9026, 176.7725, 329.5929, 330.3768
258, 3922, 728.6795, 194.1443, 3098.1565, 754.9537, 220.4185, 3098.1565, 0.4407, 723.3416, 165.3578, 760.2917, 249.2050
258, 3921, 398.1231, 218.1883, 7321.8628, 424.3972, 244.4624, 7321.8628, 0.4407, 382.8586, 166.8761, 439.6618, 295.7747
258, 3919, 433.1857, 206.7688, 2135.5117, 460.3182, 233.9014, 2135.5117, 0.4407, 431.4135, 185.5286, 462.0904, 255.1416
258, 3916, 751.3428, 197.8847, 2696.1375, 779.2688, 225.8106, 2696.1375, 0.4407, 748.0711, 172.7384, 782.5405, 250.9568
258, 3902, 252.6382, 242.3707, 12381.7227, 280.1606, 269.8930, 12381.7227, 0.4407, 229.4657, 172.3213, 303.3330, 339.9424
259, 3923, 315.5461, 221.8295, 6089.5820, 341.8202, 248.1037, 6089.5820, 0.4407, 302.7817, 176.1901, 354.5845, 293.7431
259, 3922, 739.1413, 192.3837, 3091.0183, 767.6387, 220.8812, 3091.0183, 0.4407, 734.9362, 164.7572, 771.8437, 248.5078
259, 3921, 393.5166, 213.1188, 2962.5845, 422.0141, 241.6163, 2962.5845, 0.4407, 389.6991, 186.3714, 425.8316, 268.3637
259, 3919, 431.4140, 207.4653, 2165.4968, 458.7402, 234.7915, 2165.4968, 0.4407, 429.6313, 186.0783, 460.5228, 256.1785
259, 3916, 766.1998, 198.6236, 3041.8569, 793.9650, 226.3889, 3041.8569, 0.4407, 761.7761, 170.9653, 798.3887, 254.0473
259, 3902, 218.7553, 245.9353, 16931.7148, 246.2783, 273.4583, 16931.7148, 0.4407, 189.3270, 161.6892, 275.7065, 357.7045
260, 3924, 346.7542, 236.7554, 7314.2993, 373.0284, 263.0295, 7314.2993, 0.4407, 331.5045, 185.4761, 388.2781, 314.3088
260, 3923, 298.4359, 221.8701, 6139.5474, 326.9334, 250.3675, 6139.5474, 0.4407, 286.6773, 177.1015, 338.6920, 295.1361
260, 3922, 749.5430, 197.5853, 3087.9768, 778.0669, 226.1091, 3087.9768, 0.4407, 745.3602, 169.9925, 782.2495, 253.7019
260, 3919, 430.5895, 207.6378, 2587.6802, 457.9987, 235.0470, 2587.6802, 0.4407, 427.4097, 183.0278, 461.1785, 259.6571
260, 3916, 767.9830, 208.5440, 3592.9233, 795.6519, 236.2129, 3592.9233, 0.4407, 761.9219, 177.2312, 801.7130, 267.5257
260, 3902, 179.5486, 258.4961, 17307.8867, 207.0721, 286.0195, 17307.8867, 0.4407, 149.6435, 173.1672, 236.9772, 371.3483
261, 3924, 333.3377, 230.6294, 8850.5947, 361.8351, 259.1268, 8850.5947, 0.4407, 316.3603, 174.0191, 378.8125, 315.7370
261, 3923, 285.7219, 221.5732, 8742.2266, 314.2458, 250.0971, 8742.2266, 0.4407, 268.9496, 165.4111, 331.0181, 306.2592
261, 3919, 425.2111, 207.7735, 2624.6665, 452.6663, 235.2288, 2624.6665, 0.4407, 421.9340, 182.9137, 455.9434, 260.0886
261, 3916, 765.1849, 200.4492, 4293.4116, 792.7958, 228.0602, 4293.4116, 0.4407, 757.2416, 164.9021, 800.7390, 263.6073
261, 3902, 127.8491, 261.3411, 17226.1445, 155.3727, 288.8647, 17226.1445, 0.4407, 98.0474, 176.2465, 185.1745, 373.9594
262, 3924, 315.9899, 238.9931, 8960.4443, 344.5138, 267.5170, 8960.4443, 0.4407, 298.8325, 181.9579, 361.6711, 324.5523
262, 3923, 276.3646, 229.3289, 8975.8389, 304.5494, 257.5137, 8975.8389, 0.4407, 259.0107, 172.0627, 321.9033, 314.7799
262, 3919, 423.9712, 203.6118, 2618.1470, 451.4539, 231.0945, 2618.1470, 0.4407, 420.7290, 178.8137, 454.6961, 255.8927
262, 3916, 777.3677, 195.1468, 5159.2305, 804.9438, 222.7230, 5159.2305, 0.4407, 767.3148, 154.8346, 814.9968, 263.0353
263, 3927, 370.3567, 224.1250, 4436.1953, 396.6308, 250.3992, 4436.1953, 0.4407, 361.3864, 187.0957, 405.6012, 287.4286
263, 3925, 835.6198, 205.0117, 6184.2959, 861.8940, 231.2859, 6184.2959, 0.4407, 822.6550, 158.9166, 874.8589, 277.3810
263, 3924, 296.6029, 251.1909, 12261.2979, 324.7878, 279.3757, 12261.2979, 0.4407, 273.9417, 181.8813, 347.4490, 348.6852
263, 3923, 259.9292, 239.5861, 10397.6826, 287.8551, 267.5120, 10397.6826, 0.4407, 240.0467, 176.7463, 307.7375, 330.3518
263, 3919, 423.0182, 204.4552, 3061.3438, 450.5175, 231.9544, 3061.3438, 0.4407, 418.4029, 176.5309, 455.1327, 259.8787
264, 3927, 360.7909, 221.8916, 5992.8584, 389.2883, 250.3891, 5992.8584, 0.4407, 349.3447, 177.8325, 400.7345, 294.4482
264, 3925, 857.9189, 201.0270, 7303.3228, 886.4163, 229.5244, 7303.3228, 0.4407, 843.8021, 150.9076, 900.5331, 279.6437
264, 3924, 266.8695, 255.4641, 15028.4961, 294.7954, 283.3900, 15028.4961, 0.4407, 240.1423, 177.0921, 321.5226, 361.7621
264, 3923, 230.8176, 241.3967, 10503.7744, 258.5829, 269.1620, 10503.7744, 0.4407, 210.6826, 178.0858, 278.7179, 332.4729
264, 3919, 417.2986, 204.8352, 3607.5876, 444.8078, 232.3444, 3607.5876, 0.4407, 411.1170, 173.3505, 450.9893, 263.8292
265, 3930, 834.6640, 209.5860, 7366.9131, 860.9382, 235.8601, 7366.9131, 0.4407, 819.3123, 158.0756, 876.2899, 287.3705
265, 3927, 352.7018, 227.9607, 6135.9883, 381.2257, 256.4846, 6135.9883, 0.4407, 340.9639, 183.2224, 392.9636, 301.2228
265, 3925, 882.2145, 206.0972, 7382.8936, 910.7384, 234.6211, 7382.8936, 0.4407, 867.9567, 155.6416, 924.9962, 285.0766
265, 3923, 217.5170, 250.5028, 19445.4414, 245.1859, 278.1717, 19445.4414, 0.4407, 185.0666, 159.3059, 277.6363, 369.3686
265, 3919, 415.9644, 204.5284, 3649.8098, 443.4795, 232.0435, 3649.8098, 0.4407, 409.6695, 172.7827, 449.7744, 263.7892
266, 3930, 849.0401, 218.4932, 10273.1748, 877.5375, 246.9906, 10273.1748, 0.4407, 829.6466, 156.4005, 896.9310, 309.0834
266, 3927, 343.6288, 231.0533, 8746.1387, 371.8136, 259.2381, 8746.1387, 0.4407, 326.6800, 174.7059, 388.7624, 315.5854
266, 3925, 876.2009, 210.1126, 10278.2637, 904.3857, 238.2974, 10278.2637, 0.4407, 856.6428, 147.8446, 923.9438, 300.5654
266, 3923, 181.6699, 265.5187, 20279.3008, 209.2808, 293.1297, 20279.3008, 0.4407, 148.2087, 172.0642, 242.7420, 386.5842
267, 3927, 326.3517, 247.4200, 8978.0693, 354.2776, 275.3459, 8978.0693, 0.4407, 308.8645, 190.0155, 371.7648, 332.7504
267, 3925, 889.3737, 218.9527, 10538.6699, 917.2997, 246.8786, 10538.6699, 0.4407, 869.2625, 155.5940, 937.4108, 310.2373
268, 3927, 302.6262, 252.7659, 10398.5869, 330.3915, 280.5313, 10398.5869, 0.4407, 282.6619, 189.8425, 350.3557, 343.4547
268, 3925, 926.4541, 219.9445, 12375.4131, 954.2194, 247.7098, 12375.4131, 0.4407, 903.4125, 150.0379, 977.2610, 317.6163
269, 3932, 1035.2550, 219.0254, 15220.0049, 1061.5292, 245.2996, 15220.0049, 0.4407, 1007.4436, 139.2409, 1089.3406, 325.0841
269, 3927, 271.4991, 259.0047, 16784.2441, 299.1680, 286.6736, 16784.2441, 0.4407, 242.3323, 175.2592, 328.3348, 370.4191
269, 3925, 960.4591, 217.6836, 14991.7744, 988.1279, 245.3525, 14991.7744, 0.4407, 933.6531, 139.2959, 1014.9339, 323.7402
269, 3919, 390.6785, 210.1669, 5123.1196, 418.7334, 238.2218, 5123.1196, 0.4407, 380.9485, 170.2838, 428.4634, 278.1050
270, 3932, 1083.7471, 227.6977, 15158.3896, 1112.2445, 256.1951, 15158.3896, 0.4407, 1057.1304, 149.2130, 1138.8613, 334.6797
270, 3927, 232.5495, 261.1556, 17351.9473, 260.1605, 288.7666, 17351.9473, 0.4407, 202.6326, 175.7445, 290.0774, 374.1777
270, 3925, 1003.9723, 234.9073, 19811.1875, 1031.5833, 262.5182, 19811.1875, 0.4407, 971.0596, 142.6982, 1064.4957, 354.7273
270, 3919, 383.9742, 216.0192, 5197.0210, 411.8710, 243.9160, 5197.0210, 0.4407, 373.9944, 175.6696, 421.8509, 284.2656
271, 3925, 1049.0354, 239.6046, 20195.9609, 1076.6116, 267.1808, 20195.9609, 0.4407, 1015.6541, 146.3533, 1109.9929, 360.4322
271, 3919, 376.9825, 221.3518, 6040.9565, 404.7679, 249.1372, 6040.9565, 0.4407, 365.0773, 176.7034, 416.6731, 293.7857
272, 3919, 369.2241, 222.0221, 6114.8320, 396.9151, 249.7131, 6114.8320, 0.4407, 357.1145, 176.9694, 409.0246, 294.7659
273, 3919, 354.9604, 222.0994, 8732.4121, 382.5862, 249.7253, 8732.4121, 0.4407, 337.7564, 165.5279, 399.7902, 306.2967
274, 3919, 345.4112, 232.4667, 7509.4424, 372.9965, 260.0521, 7509.4424, 0.4407, 330.4407, 180.9897, 387.9670, 311.5291
275, 3919, 333.3373, 232.3256, 10256.8721, 360.8981, 259.8864, 10256.8721, 0.4407, 313.5022, 169.8252, 380.7332, 322.3868
276, 3919, 318.3517, 239.9598, 12398.1104, 345.8978, 267.5059, 12398.1104, 0.4407, 295.1666, 169.8669, 369.0828, 337.5988
277, 3919, 301.6689, 250.9472, 10668.4268, 329.2061, 278.4845, 10668.4268, 0.4407, 281.1543, 186.9197, 349.7208, 342.5120
278, 3919, 284.6370, 253.3315, 12314.0586, 312.1689, 280.8634, 12314.0586, 0.4407, 261.5704, 183.5162, 335.2356, 350.6786
279, 3919, 255.1416, 255.2191, 14952.5811, 282.6703, 282.7478, 14952.5811, 0.4407, 228.3187, 176.8819, 309.4931, 361.0849
280, 3919, 228.3928, 263.6367, 12699.7705, 255.9197, 291.1635, 12699.7705, 0.4407, 204.7513, 192.5199, 279.5612, 362.2803
281, 3949, 427.2501, 198.3236, 2163.9854, 453.5243, 224.5977, 2163.9854, 0.4407, 424.9470, 176.4227, 455.8275, 246.4986
281, 3919, 193.0283, 267.6346, 14891.7324, 220.5540, 295.1603, 14891.7324, 0.4407, 166.2866, 189.4835, 247.2956, 373.3115
282, 3949, 419.9553, 201.0715, 2584.8767, 448.4528, 229.5690, 2584.8767, 0.4407, 417.3289, 177.0263, 451.0793, 253.6142
282, 3919, 144.4097, 267.7003, 15119.3447, 171.9348, 295.2253, 15119.3447, 0.4407, 117.3594, 188.8490, 198.9851, 374.0767
283, 3949, 418.3309, 206.6587, 2623.3010, 446.8548, 235.1826, 2623.3010, 0.4407, 415.5926, 182.3432, 449.5930, 259.4981
284, 3949, 412.7740, 210.2881, 3066.3789, 440.9589, 238.4729, 3066.3789, 0.4407, 408.4865, 182.6723, 445.2464, 266.0887
285, 3949, 404.9994, 210.5843, 3609.8518, 432.9253, 238.5102, 3609.8518, 0.4407, 399.0200, 179.2937, 438.9047, 269.8008
286, 3949, 398.9303, 210.4136, 3650.6643, 426.6957, 238.1790, 3650.6643, 0.4407, 392.7582, 178.7877, 432.8678, 269.8049
287, 3951, 686.6963, 199.4234, 3645.2771, 713.6018, 226.3289, 3645.2771, 0.4407, 680.1091, 167.4011, 720.1891, 258.3512
287, 3949, 401.0880, 210.6365, 4288.7212, 428.7569, 238.3054, 4288.7212, 0.4407, 393.1857, 175.1453, 436.6592, 273.7966
288, 3951, 692.5084, 203.5197, 3632.7473, 719.7645, 230.7758, 3632.7473, 0.4407, 686.1309, 171.7510, 726.1420, 262.5446
289, 3954, 364.2971, 221.9993, 6086.8438, 388.9189, 246.6209, 6086.8438, 0.4407, 350.7125, 175.5467, 402.5035, 293.0735
289, 3951, 698.4243, 204.9411, 3627.4983, 725.8293, 232.3462, 3627.4983, 0.4407, 692.1357, 173.2797, 732.1179, 264.0076
290, 3954, 354.2604, 226.9282, 7306.4248, 380.7747, 253.4424, 7306.4248, 0.4407, 339.1460, 175.8038, 395.8891, 304.5669
290, 3951, 709.1789, 203.8325, 4275.4961, 736.6418, 231.2954, 4275.4961, 0.4407, 701.2071, 168.3144, 744.6136, 266.8134
291, 3954, 338.9941, 233.5610, 7390.3662, 366.1266, 260.6935, 7390.3662, 0.4407, 324.0262, 182.3772, 381.0945, 311.8774
291, 3951, 717.2773, 203.7193, 4336.8472, 744.7664, 231.2084, 4336.8472, 0.4407, 709.1635, 167.8622, 752.8801, 267.0656
292, 3954, 316.7736, 232.2737, 8822.7363, 344.0998, 259.5999, 8822.7363, 0.4407, 299.2597, 175.1897, 361.6137, 316.6839
292, 3951, 726.5312, 203.5078, 5140.3213, 754.0344, 231.0110, 5140.3213, 0.4407, 716.4855, 163.2582, 764.0800, 271.2606
293, 3954, 292.7726, 239.2294, 10400.8281, 320.1818, 266.6386, 10400.8281, 0.4407, 272.6266, 176.1198, 340.3278, 329.7481
293, 3951, 740.0287, 205.5234, 6059.3130, 767.5402, 233.0350, 6059.3130, 0.4407, 727.9474, 160.6490, 779.6214, 277.9095
294, 3954, 265.9812, 253.6268, 14866.5400, 293.4365, 281.0820, 14866.5400, 0.4407, 239.2386, 175.5184, 320.1792, 359.1904
294, 3951, 749.2164, 212.6751, 6127.6392, 776.7329, 240.1916, 6127.6392, 0.4407, 736.9925, 167.4733, 788.9568, 285.3934
295, 3961, 169.3463, 231.3747, 10538.4238, 195.6205, 257.6489, 10538.4238, 0.4407, 148.4095, 167.1914, 216.5573, 321.8322
295, 3954, 221.3240, 260.4071, 17173.1719, 248.8067, 287.8899, 17173.1719, 0.4407, 191.5687, 175.4445, 278.5620, 372.8524
295, 3951, 762.2847, 217.3625, 7274.9707, 789.8041, 244.8820, 7274.9707, 0.4407, 747.7339, 166.8793, 804.3548, 295.3651
296, 3961, 157.7239, 255.5797, 16778.8223, 186.2213, 284.0771, 16778.8223, 0.4407, 128.9781, 172.2646, 214.9671, 367.3922
296, 3951, 776.2355, 239.1712, 4543.7578, 803.7567, 266.6925, 4543.7578, 0.4407, 767.6224, 202.1606, 812.3698, 303.7030
299, 3967, 845.8629, 223.1210, 6672.5088, 872.1371, 249.3952, 6672.5088, 0.4407, 831.8873, 174.7325, 886.1127, 297.7837
300, 3968, 472.9500, 187.1413, 2593.4216, 499.2242, 213.4155, 2593.4216, 0.4407, 469.1840, 161.9213, 502.9902, 238.6355
301, 3968, 464.7049, 190.8993, 2203.1104, 493.2024, 219.3967, 2203.1104, 0.4407, 463.3744, 169.7948, 494.5329, 240.5012
302, 3968, 462.3682, 192.6642, 3028.1477, 490.8921, 221.1881, 3028.1477, 0.4407, 458.3652, 165.4787, 494.8952, 248.3736
303, 3968, 462.2993, 192.7298, 3109.7390, 490.4841, 220.9146, 3109.7390, 0.4407, 457.8823, 164.8201, 494.9012, 248.8242
306, 3972, 423.9471, 205.0445, 4346.7993, 450.2213, 231.3186, 4346.7993, 0.4407, 415.2008, 168.5228, 458.9675, 267.8403
308, 3973, 836.3748, 195.6267, 1784.7258, 860.9965, 220.2484, 1784.7258, 0.4407, 834.6635, 176.1179, 862.7079, 239.7572
310, 3982, 329.3202, 232.7313, 15310.4902, 355.5943, 259.0054, 15310.4902, 0.4407, 301.3871, 152.6712, 383.5274, 339.0655
311, 3986, 887.8302, 192.1125, 2628.3523, 914.1044, 218.3866, 2628.3523, 0.4407, 883.9507, 166.6351, 917.9840, 243.8640
312, 3986, 897.9952, 196.3296, 2616.5806, 926.4927, 224.8270, 2616.5806, 0.4407, 895.2654, 172.0504, 929.2225, 249.1061
315, 3995, 502.3165, 194.6905, 1821.2507, 526.9381, 219.3122, 1821.2507, 0.4407, 500.4622, 174.8578, 528.7922, 239.1448
316, 3998, 973.0069, 209.2530, 3198.9688, 999.2811, 235.5272, 3198.9688, 0.4407, 967.3708, 179.7897, 1004.9171, 264.9905
316, 3995, 500.7386, 193.9384, 1821.2507, 527.2527, 220.4527, 1821.2507, 0.4407, 499.8307, 175.0521, 528.1606, 239.3391
317, 3995, 499.2003, 192.5974, 2135.5117, 526.3328, 219.7299, 2135.5117, 0.4407, 497.4282, 171.3571, 528.1050, 240.9702
318, 3995, 494.5488, 192.2594, 2165.4968, 521.8750, 219.5856, 2165.4968, 0.4407, 492.7661, 170.8724, 523.6576, 240.9726
320, 4001, 487.5156, 202.8311, 2622.7551, 513.2211, 228.5366, 2622.7551, 0.4407, 483.3699, 177.1104, 517.3668, 254.2572
321, 4009, 452.9320, 199.4782, 3069.6819, 479.2061, 225.7523, 3069.6819, 0.4407, 447.6792, 170.8846, 484.4589, 254.3459
321, 4001, 488.0204, 206.4381, 1877.2761, 514.5339, 232.9516, 1877.2761, 0.4407, 486.8959, 187.0607, 515.6583, 252.3291
322, 4009, 445.8860, 203.7061, 3105.0977, 474.3835, 232.2035, 3105.0977, 0.4407, 441.6391, 175.9841, 478.6304, 259.9254
322, 4001, 484.3701, 203.4882, 1801.6365, 511.3265, 230.4445, 1801.6365, 0.4407, 483.7598, 184.9964, 511.9368, 248.9363
323, 4009, 444.9774, 204.8367, 3096.8977, 473.5013, 233.3606, 3096.8977, 0.4407, 440.7682, 177.1835, 477.7106, 261.0139
323, 4001, 475.4073, 204.5638, 2996.6411, 502.6006, 231.7572, 2996.6411, 0.4407, 470.8342, 176.9294, 507.1738, 259.3917
324, 4009, 440.8868, 206.8462, 2641.8030, 469.0717, 235.0310, 2641.8030, 0.4407, 437.9191, 182.2255, 472.0394, 259.6517
324, 4001, 469.2847, 205.3460, 3117.8191, 496.6118, 232.6732, 3117.8191, 0.4407, 464.4148, 176.9531, 501.4818, 261.0662
325, 4016, 784.7092, 146.7625, 3507.8601, 810.9833, 173.0366, 3507.8601, 0.4407, 778.1876, 115.2898, 817.5049, 204.5092
325, 4009, 435.2077, 210.4092, 3044.9922, 463.1336, 238.3351, 3044.9922, 0.4407, 430.8549, 182.8097, 467.4865, 265.9345
325, 4001, 468.6124, 210.0304, 3107.7964, 496.0184, 237.4365, 3107.7964, 0.4407, 463.8117, 181.7446, 500.8191, 265.7223
326, 4009, 429.7486, 210.7798, 4247.7271, 457.5139, 238.5451, 4247.7271, 0.4407, 421.9986, 175.5731, 465.2639, 273.7517
326, 4001, 460.9714, 215.9093, 3601.2405, 488.4246, 243.3625, 3601.2405, 0.4407, 454.7794, 184.4364, 494.6166, 274.8354
327, 4009, 418.2317, 220.3542, 3707.8127, 445.9006, 248.0231, 3707.8127, 0.4407, 411.8550, 188.3251, 452.2773, 280.0521
327, 4001, 453.8928, 216.7779, 3643.7651, 481.3743, 244.2593, 3643.7651, 0.4407, 447.5977, 185.0531, 487.6694, 275.9841
328, 4009, 410.7383, 223.0662, 3629.5906, 438.3492, 250.6771, 3629.5906, 0.4407, 404.5469, 191.4946, 444.5406, 282.2487
328, 4001, 453.0750, 216.5540, 3635.7847, 480.5735, 244.0525, 3635.7847, 0.4407, 446.8104, 184.8876, 486.8382, 275.7190
329, 4001, 435.9297, 221.0390, 5939.4058, 463.4384, 248.5477, 5939.4058, 0.4407, 424.1039, 176.7462, 475.2642, 292.8405
330, 4001, 431.2034, 222.2197, 6156.9600, 458.7182, 249.7345, 6156.9600, 0.4407, 418.9165, 176.8763, 471.0051, 295.0780
331, 4026, 371.3256, 231.0673, 5313.8594, 397.5997, 257.3415, 5313.8594, 0.4407, 360.2670, 189.2992, 408.6583, 299.1095
331, 4001, 419.2041, 228.5039, 6129.4346, 446.7226, 256.0224, 6129.4346, 0.4407, 406.9774, 183.2944, 458.9493, 301.2319
332, 4028, 774.8917, 188.9663, 3090.2529, 801.1660, 215.2404, 3090.2529, 0.4407, 769.5775, 160.2333, 806.4803, 243.9735
332, 4026, 353.0619, 243.3721, 6050.7354, 381.5593, 271.8696, 6050.7354, 0.4407, 341.4919, 199.0321, 393.1293, 316.2096
332, 4001, 396.4894, 231.3282, 10192.0459, 424.0101, 258.8489, 10192.0459, 0.4407, 376.7408, 169.0487, 443.7586, 321.1284
333, 4028, 782.3197, 186.3245, 2642.1621, 810.8171, 214.8220, 2642.1621, 0.4407, 779.5071, 161.8575, 813.6298, 239.2889
333, 4026, 338.0323, 244.8067, 6112.7617, 366.5562, 273.3306, 6112.7617, 0.4407, 326.3437, 200.1802, 378.2449, 317.9570
333, 4001, 390.1728, 231.1797, 9110.9395, 417.6949, 258.7017, 9110.9395, 0.4407, 372.2519, 173.0470, 435.6158, 316.8345
334, 4028, 795.2016, 187.3096, 3045.6177, 823.7255, 215.8335, 3045.6177, 0.4407, 791.1459, 160.0049, 827.7812, 243.1382
334, 4026, 322.8604, 251.1482, 6100.1255, 351.0452, 279.3331, 6100.1255, 0.4407, 311.0291, 206.4130, 362.8765, 324.0683
335, 4028, 804.7866, 195.9589, 5908.3687, 832.9714, 224.1437, 5908.3687, 0.4407, 793.3658, 152.1560, 844.3922, 267.9466
335, 4026, 298.5532, 259.1003, 8720.5645, 326.4791, 287.0261, 8720.5645, 0.4407, 281.5204, 202.7263, 343.5119, 343.4000
336, 4039, 328.6896, 256.7014, 14817.5752, 354.9638, 282.9756, 14817.5752, 0.4407, 301.4231, 178.1538, 382.2303, 361.5233
336, 4037, 914.8334, 202.3824, 2136.1382, 941.1077, 228.6566, 2136.1382, 0.4407, 912.6298, 180.7078, 943.3112, 250.3311
336, 4028, 819.3204, 198.1963, 6176.6406, 847.2463, 226.1221, 6176.6406, 0.4407, 807.1974, 152.9640, 859.3692, 271.3545
336, 4026, 271.6893, 270.9742, 10426.3086, 299.4547, 298.7396, 10426.3086, 0.4407, 251.6801, 207.9483, 319.4639, 361.7655
337, 4041, 961.0669, 198.7434, 2634.9434, 987.3411, 225.0176, 2634.9434, 0.4407, 957.1660, 173.2177, 991.2419, 250.5433
337, 4039, 297.3889, 262.9644, 12725.6406, 325.8864, 291.4618, 12725.6406, 0.4407, 274.1946, 192.2465, 349.0807, 362.1797
337, 4037, 923.8093, 202.3548, 2591.5718, 952.3067, 230.8523, 2591.5718, 0.4407, 921.1609, 178.2601, 954.9551, 254.9470
337, 4028, 836.6113, 189.9209, 5292.1694, 864.3766, 217.6862, 5292.1694, 0.4407, 826.3478, 149.0104, 874.6402, 258.5966
337, 4026, 241.1872, 278.5818, 9074.6377, 268.8560, 306.2506, 9074.6377, 0.4407, 223.4028, 220.6659, 286.6405, 364.1664
338, 4041, 975.8840, 197.0242, 2624.4658, 1004.3814, 225.5216, 2624.4658, 0.4407, 973.1287, 172.6870, 1007.1367, 249.8587
338, 4039, 266.1161, 267.2641, 14913.3672, 294.6400, 295.7880, 14913.3672, 0.4407, 239.8441, 189.5454, 320.9120, 373.5068
338, 4037, 941.0043, 204.1248, 3077.1777, 969.5281, 232.6487, 3077.1777, 0.4407, 936.8539, 176.6052, 973.6785, 260.1683
339, 4041, 987.6791, 198.3961, 3063.9775, 1016.2031, 226.9200, 3063.9775, 0.4407, 983.5683, 170.9662, 1020.3139, 254.3498
339, 4037, 954.1849, 204.8649, 3111.4141, 982.3697, 233.0497, 3111.4141, 0.4407, 949.7628, 176.9440, 986.7917, 260.9706
340, 4041, 981.8028, 208.3664, 4258.4819, 1009.9877, 236.5513, 4258.4819, 0.4407, 974.2353, 173.3074, 1017.5552, 271.6103
340, 4037, 954.0933, 206.6006, 2225.1292, 982.0192, 234.5265, 2225.1292, 0.4407, 952.3992, 185.0342, 983.7132, 256.0929
