1,4922,648.00,238.00,36.71,83.29,1,-1,-1,-1
1,4921,246.00,218.00,40.26,91.35,1,-1,-1,-1
1,4920,500.00,158.00,30.98,70.30,1,-1,-1,-1
2,4923,504.00,162.00,30.98,70.30,1,-1,-1,-1
2,4922,648.00,238.00,36.71,83.29,1,-1,-1,-1
2,4921,246.00,218.00,40.26,91.35,1,-1,-1,-1
2,4920,500.00,158.00,30.98,70.30,1,-1,-1,-1
3,4924,625.00,238.00,36.71,83.29,1,-1,-1,-1
3,4921,246.00,218.00,40.26,91.35,1,-1,-1,-1
3,4920,500.00,158.00,30.98,70.30,1,-1,-1,-1
4,4920,500.00,158.00,30.98,70.30,1,-1,-1,-1
5,4920,500.00,158.00,30.98,70.30,1,-1,-1,-1
7,4925,275.00,215.00,36.71,83.29,1,-1,-1,-1
8,4927,481.00,167.00,30.98,70.30,1,-1,-1,-1
8,4925,275.00,215.00,36.71,83.29,1,-1,-1,-1
9,4927,481.00,167.00,30.98,70.30,1,-1,-1,-1
10,4927,481.00,167.00,30.98,70.30,1,-1,-1,-1
11,4927,481.00,167.00,30.98,70.30,1,-1,-1,-1
12,4930,298.00,210.00,36.71,83.29,1,-1,-1,-1
16,4935,326.00,208.00,33.73,76.54,1,-1,-1,-1
17,4939,431.00,184.00,28.36,64.36,1,-1,-1,-1
17,4935,326.00,208.00,33.73,76.54,1,-1,-1,-1
18,4939,431.00,184.00,28.36,64.36,1,-1,-1,-1
19,4940,708.00,293.00,47.48,107.74,1,-1,-1,-1
19,4939,431.00,184.00,28.36,64.36,1,-1,-1,-1
20,4940,708.00,293.00,47.48,107.74,1,-1,-1,-1
20,4938,726.00,289.00,52.00,118.00,1,-1,-1,-1
21,4938,726.00,289.00,52.00,118.00,1,-1,-1,-1
23,4942,349.00,193.00,36.71,83.29,1,-1,-1,-1
24,4940,708.00,293.00,47.48,107.74,1,-1,-1,-1
26,4950,371.00,193.00,36.71,83.29,1,-1,-1,-1
27,4951,653.00,275.00,43.46,98.62,1,-1,-1,-1
27,4950,371.00,193.00,36.71,83.29,1,-1,-1,-1
27,4946,686.00,275.00,43.46,98.62,1,-1,-1,-1
28,4951,653.00,275.00,43.46,98.62,1,-1,-1,-1
28,4950,371.00,193.00,36.71,83.29,1,-1,-1,-1
28,4946,686.00,275.00,43.46,98.62,1,-1,-1,-1
29,4951,653.00,275.00,43.46,98.62,1,-1,-1,-1
29,4950,371.00,193.00,36.71,83.29,1,-1,-1,-1
30,4955,666.00,269.00,43.46,98.62,1,-1,-1,-1
30,4950,371.00,193.00,36.71,83.29,1,-1,-1,-1
31,4957,383.00,187.00,36.71,83.29,1,-1,-1,-1
31,4956,407.00,245.00,26.00,59.00,1,-1,-1,-1
31,4955,666.00,269.00,43.46,98.62,1,-1,-1,-1
32,4958,633.00,255.00,43.46,98.62,1,-1,-1,-1
32,4957,383.00,187.00,36.71,83.29,1,-1,-1,-1
32,4956,407.00,245.00,26.00,59.00,1,-1,-1,-1
33,4959,619.00,262.00,43.46,98.62,1,-1,-1,-1
33,4958,633.00,255.00,43.46,98.62,1,-1,-1,-1
33,4957,383.00,187.00,36.71,83.29,1,-1,-1,-1
34,4959,619.00,262.00,43.46,98.62,1,-1,-1,-1
34,4958,633.00,255.00,43.46,98.62,1,-1,-1,-1
34,4957,383.00,187.00,36.71,83.29,1,-1,-1,-1
34,4950,371.00,193.00,36.71,83.29,1,-1,-1,-1
35,4959,619.00,262.00,43.46,98.62,1,-1,-1,-1
35,4958,633.00,255.00,43.46,98.62,1,-1,-1,-1
35,4957,383.00,187.00,36.71,83.29,1,-1,-1,-1
35,4950,371.00,193.00,36.71,83.29,1,-1,-1,-1
36,4960,399.00,195.00,43.46,98.62,1,-1,-1,-1
36,4959,619.00,262.00,43.46,98.62,1,-1,-1,-1
36,4958,633.00,255.00,43.46,98.62,1,-1,-1,-1
36,4957,383.00,187.00,36.71,83.29,1,-1,-1,-1
36,4950,371.00,193.00,36.71,83.29,1,-1,-1,-1
37,4961,599.00,255.00,40.26,91.35,1,-1,-1,-1
37,4960,399.00,195.00,43.46,98.62,1,-1,-1,-1
37,4959,619.00,262.00,43.46,98.62,1,-1,-1,-1
37,4958,633.00,255.00,43.46,98.62,1,-1,-1,-1
37,4957,383.00,187.00,36.71,83.29,1,-1,-1,-1
37,4950,371.00,193.00,36.71,83.29,1,-1,-1,-1
38,4961,599.00,255.00,40.26,91.35,1,-1,-1,-1
38,4960,399.00,195.00,43.46,98.62,1,-1,-1,-1
38,4959,619.00,262.00,43.46,98.62,1,-1,-1,-1
38,4957,383.00,187.00,36.71,83.29,1,-1,-1,-1
38,4950,371.00,193.00,36.71,83.29,1,-1,-1,-1
39,4961,599.00,255.00,40.26,91.35,1,-1,-1,-1
39,4959,619.00,262.00,43.46,98.62,1,-1,-1,-1
39,4957,383.00,187.00,36.71,83.29,1,-1,-1,-1
40,4961,599.00,255.00,40.26,91.35,1,-1,-1,-1
40,4957,383.00,187.00,36.71,83.29,1,-1,-1,-1
41,4964,360.00,170.00,36.71,83.29,1,-1,-1,-1
41,4957,383.00,187.00,36.71,83.29,1,-1,-1,-1
42,4966,422.00,187.00,36.71,83.29,1,-1,-1,-1
42,4957,383.00,187.00,36.71,83.29,1,-1,-1,-1
42,4950,371.00,193.00,36.71,83.29,1,-1,-1,-1
43,4969,563.00,244.00,36.71,83.29,1,-1,-1,-1
43,4968,587.00,242.00,40.26,91.35,1,-1,-1,-1
43,4966,422.00,187.00,36.71,83.29,1,-1,-1,-1
43,4957,383.00,187.00,36.71,83.29,1,-1,-1,-1
44,4966,422.00,187.00,36.71,83.29,1,-1,-1,-1
44,4957,383.00,187.00,36.71,83.29,1,-1,-1,-1
45,4966,422.00,187.00,36.71,83.29,1,-1,-1,-1
45,4957,383.00,187.00,36.71,83.29,1,-1,-1,-1
46,4973,726.00,273.00,52.00,118.00,1,-1,-1,-1
46,4972,550.00,236.00,40.26,91.35,1,-1,-1,-1
46,4971,574.00,236.00,40.26,91.35,1,-1,-1,-1
46,4966,422.00,187.00,36.71,83.29,1,-1,-1,-1
46,4950,371.00,193.00,36.71,83.29,1,-1,-1,-1
47,4971,574.00,236.00,40.26,91.35,1,-1,-1,-1
47,4966,422.00,187.00,36.71,83.29,1,-1,-1,-1
47,4950,371.00,193.00,36.71,83.29,1,-1,-1,-1
48,4975,440.00,182.00,33.73,76.54,1,-1,-1,-1
48,4971,574.00,236.00,40.26,91.35,1,-1,-1,-1
48,4966,422.00,187.00,36.71,83.29,1,-1,-1,-1
48,4950,371.00,193.00,36.71,83.29,1,-1,-1,-1
49,4975,440.00,182.00,33.73,76.54,1,-1,-1,-1
49,4971,574.00,236.00,40.26,91.35,1,-1,-1,-1
49,4966,422.00,187.00,36.71,83.29,1,-1,-1,-1
49,4950,371.00,193.00,36.71,83.29,1,-1,-1,-1
50,4977,700.00,271.00,47.48,107.74,1,-1,-1,-1
50,4975,440.00,182.00,33.73,76.54,1,-1,-1,-1
50,4966,422.00,187.00,36.71,83.29,1,-1,-1,-1
51,4978,367.00,177.00,33.73,76.54,1,-1,-1,-1
51,4966,422.00,187.00,36.71,83.29,1,-1,-1,-1
52,4979,506.00,218.00,40.26,91.35,1,-1,-1,-1
52,4978,367.00,177.00,33.73,76.54,1,-1,-1,-1
53,4980,558.00,221.00,36.71,83.29,1,-1,-1,-1
53,4979,506.00,218.00,40.26,91.35,1,-1,-1,-1
53,4978,367.00,177.00,33.73,76.54,1,-1,-1,-1
54,4981,664.00,256.00,47.48,107.74,1,-1,-1,-1
54,4978,367.00,177.00,33.73,76.54,1,-1,-1,-1
55,4982,496.00,227.00,36.71,83.29,1,-1,-1,-1
55,4981,664.00,256.00,47.48,107.74,1,-1,-1,-1
55,4978,367.00,177.00,33.73,76.54,1,-1,-1,-1
56,4982,496.00,227.00,36.71,83.29,1,-1,-1,-1
56,4981,664.00,256.00,47.48,107.74,1,-1,-1,-1
56,4978,367.00,177.00,33.73,76.54,1,-1,-1,-1
57,4986,538.00,213.00,33.73,76.54,1,-1,-1,-1
57,4978,367.00,177.00,33.73,76.54,1,-1,-1,-1
58,4987,382.00,145.00,52.00,118.00,1,-1,-1,-1
58,4978,367.00,177.00,33.73,76.54,1,-1,-1,-1
59,4987,382.00,145.00,52.00,118.00,1,-1,-1,-1
59,4978,367.00,177.00,33.73,76.54,1,-1,-1,-1
60,4990,627.00,242.00,47.48,107.74,1,-1,-1,-1
60,4989,479.00,210.00,36.71,83.29,1,-1,-1,-1
60,4987,382.00,145.00,52.00,118.00,1,-1,-1,-1
60,4978,367.00,177.00,33.73,76.54,1,-1,-1,-1
61,4992,518.00,208.00,33.73,76.54,1,-1,-1,-1
61,4990,627.00,242.00,47.48,107.74,1,-1,-1,-1
61,4989,479.00,210.00,36.71,83.29,1,-1,-1,-1
61,4987,382.00,145.00,52.00,118.00,1,-1,-1,-1
61,4978,367.00,177.00,33.73,76.54,1,-1,-1,-1
62,4990,627.00,242.00,47.48,107.74,1,-1,-1,-1
62,4989,479.00,210.00,36.71,83.29,1,-1,-1,-1
62,4987,382.00,145.00,52.00,118.00,1,-1,-1,-1
62,4978,367.00,177.00,33.73,76.54,1,-1,-1,-1
63,4990,627.00,242.00,47.48,107.74,1,-1,-1,-1
63,4989,479.00,210.00,36.71,83.29,1,-1,-1,-1
63,4987,382.00,145.00,52.00,118.00,1,-1,-1,-1
63,4978,367.00,177.00,33.73,76.54,1,-1,-1,-1
64,4987,382.00,145.00,52.00,118.00,1,-1,-1,-1
64,4978,367.00,177.00,33.73,76.54,1,-1,-1,-1
65,4993,496.00,198.00,36.71,83.29,1,-1,-1,-1
65,4987,382.00,145.00,52.00,118.00,1,-1,-1,-1
65,4978,367.00,177.00,33.73,76.54,1,-1,-1,-1
66,4994,455.00,213.00,33.73,76.54,1,-1,-1,-1
66,4993,496.00,198.00,36.71,83.29,1,-1,-1,-1
66,4987,382.00,145.00,52.00,118.00,1,-1,-1,-1
66,4978,367.00,177.00,33.73,76.54,1,-1,-1,-1
67,4997,599.00,229.00,43.46,98.62,1,-1,-1,-1
67,4994,455.00,213.00,33.73,76.54,1,-1,-1,-1
67,4993,496.00,198.00,36.71,83.29,1,-1,-1,-1
67,4978,367.00,177.00,33.73,76.54,1,-1,-1,-1
68,4997,599.00,229.00,43.46,98.62,1,-1,-1,-1
68,4994,455.00,213.00,33.73,76.54,1,-1,-1,-1
68,4993,496.00,198.00,36.71,83.29,1,-1,-1,-1
68,4978,367.00,177.00,33.73,76.54,1,-1,-1,-1
69,4997,599.00,229.00,43.46,98.62,1,-1,-1,-1
69,4993,496.00,198.00,36.71,83.29,1,-1,-1,-1
69,4978,367.00,177.00,33.73,76.54,1,-1,-1,-1
70,4997,599.00,229.00,43.46,98.62,1,-1,-1,-1
70,4978,367.00,177.00,33.73,76.54,1,-1,-1,-1
71,5002,450.00,198.00,33.73,76.54,1,-1,-1,-1
71,4978,367.00,177.00,33.73,76.54,1,-1,-1,-1
72,5003,476.00,193.00,33.73,76.54,1,-1,-1,-1
72,4999,442.00,210.00,30.98,70.30,1,-1,-1,-1
72,4978,367.00,177.00,33.73,76.54,1,-1,-1,-1
73,5003,476.00,193.00,33.73,76.54,1,-1,-1,-1
73,4999,442.00,210.00,30.98,70.30,1,-1,-1,-1
73,4978,367.00,177.00,33.73,76.54,1,-1,-1,-1
74,5006,579.00,208.00,43.46,98.62,1,-1,-1,-1
74,5003,476.00,193.00,33.73,76.54,1,-1,-1,-1
74,4999,442.00,210.00,30.98,70.30,1,-1,-1,-1
74,4978,367.00,177.00,33.73,76.54,1,-1,-1,-1
75,5006,579.00,208.00,43.46,98.62,1,-1,-1,-1
75,5003,476.00,193.00,33.73,76.54,1,-1,-1,-1
75,4999,442.00,210.00,30.98,70.30,1,-1,-1,-1
75,4978,367.00,177.00,33.73,76.54,1,-1,-1,-1
76,5009,278.00,171.00,28.36,64.36,1,-1,-1,-1
76,5006,579.00,208.00,43.46,98.62,1,-1,-1,-1
76,5003,476.00,193.00,33.73,76.54,1,-1,-1,-1
76,4999,442.00,210.00,30.98,70.30,1,-1,-1,-1
76,4978,367.00,177.00,33.73,76.54,1,-1,-1,-1
77,5011,265.00,175.00,28.36,64.36,1,-1,-1,-1
77,5006,579.00,208.00,43.46,98.62,1,-1,-1,-1
77,5003,476.00,193.00,33.73,76.54,1,-1,-1,-1
77,4999,442.00,210.00,30.98,70.30,1,-1,-1,-1
77,4978,367.00,177.00,33.73,76.54,1,-1,-1,-1
78,5012,428.00,187.00,36.71,83.29,1,-1,-1,-1
78,5011,265.00,175.00,28.36,64.36,1,-1,-1,-1
78,5006,579.00,208.00,43.46,98.62,1,-1,-1,-1
78,5003,476.00,193.00,33.73,76.54,1,-1,-1,-1
78,4999,442.00,210.00,30.98,70.30,1,-1,-1,-1
78,4978,367.00,177.00,33.73,76.54,1,-1,-1,-1
79,5012,428.00,187.00,36.71,83.29,1,-1,-1,-1
79,5006,579.00,208.00,43.46,98.62,1,-1,-1,-1
79,5003,476.00,193.00,33.73,76.54,1,-1,-1,-1
79,4999,442.00,210.00,30.98,70.30,1,-1,-1,-1
79,4978,367.00,177.00,33.73,76.54,1,-1,-1,-1
80,5013,252.00,171.00,28.36,64.36,1,-1,-1,-1
80,5012,428.00,187.00,36.71,83.29,1,-1,-1,-1
80,5003,476.00,193.00,33.73,76.54,1,-1,-1,-1
80,4978,367.00,177.00,33.73,76.54,1,-1,-1,-1
81,5013,252.00,171.00,28.36,64.36,1,-1,-1,-1
81,5012,428.00,187.00,36.71,83.29,1,-1,-1,-1
81,5003,476.00,193.00,33.73,76.54,1,-1,-1,-1
81,4978,367.00,177.00,33.73,76.54,1,-1,-1,-1
82,5013,252.00,171.00,28.36,64.36,1,-1,-1,-1
82,5012,428.00,187.00,36.71,83.29,1,-1,-1,-1
82,5003,476.00,193.00,33.73,76.54,1,-1,-1,-1
82,4978,367.00,177.00,33.73,76.54,1,-1,-1,-1
83,5014,562.00,193.00,40.26,91.36,1,-1,-1,-1
83,5013,252.00,171.00,28.36,64.36,1,-1,-1,-1
83,5012,428.00,187.00,36.71,83.29,1,-1,-1,-1
83,5003,476.00,193.00,33.73,76.54,1,-1,-1,-1
83,4978,367.00,177.00,33.73,76.54,1,-1,-1,-1
84,5015,457.00,181.00,30.98,70.30,1,-1,-1,-1
84,5014,562.00,193.00,40.26,91.36,1,-1,-1,-1
84,5013,252.00,171.00,28.36,64.36,1,-1,-1,-1
84,5012,428.00,187.00,36.71,83.29,1,-1,-1,-1
84,5003,476.00,193.00,33.73,76.54,1,-1,-1,-1
84,4978,367.00,177.00,33.73,76.54,1,-1,-1,-1
85,5016,445.00,172.00,33.73,76.54,1,-1,-1,-1
85,5014,562.00,193.00,40.26,91.36,1,-1,-1,-1
85,5013,252.00,171.00,28.36,64.36,1,-1,-1,-1
85,5012,428.00,187.00,36.71,83.29,1,-1,-1,-1
85,5003,476.00,193.00,33.73,76.54,1,-1,-1,-1
85,4978,367.00,177.00,33.73,76.54,1,-1,-1,-1
86,5018,261.00,177.00,30.98,70.30,1,-1,-1,-1
86,5016,445.00,172.00,33.73,76.54,1,-1,-1,-1
86,5014,562.00,193.00,40.26,91.36,1,-1,-1,-1
86,5012,428.00,187.00,36.71,83.29,1,-1,-1,-1
86,5003,476.00,193.00,33.73,76.54,1,-1,-1,-1
86,4978,367.00,177.00,33.73,76.54,1,-1,-1,-1
87,5016,445.00,172.00,33.73,76.54,1,-1,-1,-1
87,5014,562.00,193.00,40.26,91.36,1,-1,-1,-1
87,5012,428.00,187.00,36.71,83.29,1,-1,-1,-1
87,5003,476.00,193.00,33.73,76.54,1,-1,-1,-1
87,4978,367.00,177.00,33.73,76.54,1,-1,-1,-1
88,5020,274.00,184.00,28.36,64.36,1,-1,-1,-1
88,5019,376.00,168.00,40.26,91.36,1,-1,-1,-1
88,5016,445.00,172.00,33.73,76.54,1,-1,-1,-1
88,5014,562.00,193.00,40.26,91.36,1,-1,-1,-1
88,5012,428.00,187.00,36.71,83.29,1,-1,-1,-1
88,5003,476.00,193.00,33.73,76.54,1,-1,-1,-1
88,4978,367.00,177.00,33.73,76.54,1,-1,-1,-1
89,5020,274.00,184.00,28.36,64.36,1,-1,-1,-1
89,5019,376.00,168.00,40.26,91.36,1,-1,-1,-1
89,5016,445.00,172.00,33.73,76.54,1,-1,-1,-1
89,5014,562.00,193.00,40.26,91.36,1,-1,-1,-1
89,5012,428.00,187.00,36.71,83.29,1,-1,-1,-1
89,5003,476.00,193.00,33.73,76.54,1,-1,-1,-1
89,4978,367.00,177.00,33.73,76.54,1,-1,-1,-1
90,5019,376.00,168.00,40.26,91.36,1,-1,-1,-1
90,5016,445.00,172.00,33.73,76.54,1,-1,-1,-1
90,5014,562.00,193.00,40.26,91.36,1,-1,-1,-1
90,5003,476.00,193.00,33.73,76.54,1,-1,-1,-1
90,4978,367.00,177.00,33.73,76.54,1,-1,-1,-1
91,5022,285.00,186.00,30.98,70.30,1,-1,-1,-1
91,5019,376.00,168.00,40.26,91.36,1,-1,-1,-1
91,5014,562.00,193.00,40.26,91.36,1,-1,-1,-1
91,4978,367.00,177.00,33.73,76.54,1,-1,-1,-1
92,5023,481.00,162.00,30.98,70.30,1,-1,-1,-1
92,5022,285.00,186.00,30.98,70.30,1,-1,-1,-1
92,5019,376.00,168.00,40.26,91.36,1,-1,-1,-1
92,5014,562.00,193.00,40.26,91.36,1,-1,-1,-1
92,4978,367.00,177.00,33.73,76.54,1,-1,-1,-1
93,5026,462.00,162.00,30.98,70.30,1,-1,-1,-1
93,5023,481.00,162.00,30.98,70.30,1,-1,-1,-1
93,5022,285.00,186.00,30.98,70.30,1,-1,-1,-1
93,5019,376.00,168.00,40.26,91.36,1,-1,-1,-1
93,5014,562.00,193.00,40.26,91.36,1,-1,-1,-1
93,4978,367.00,177.00,33.73,76.54,1,-1,-1,-1
94,5027,299.00,191.00,30.98,70.30,1,-1,-1,-1
94,5026,462.00,162.00,30.98,70.30,1,-1,-1,-1
94,5023,481.00,162.00,30.98,70.30,1,-1,-1,-1
94,5019,376.00,168.00,40.26,91.36,1,-1,-1,-1
94,5014,562.00,193.00,40.26,91.36,1,-1,-1,-1
94,4978,367.00,177.00,33.73,76.54,1,-1,-1,-1
95,5027,299.00,191.00,30.98,70.30,1,-1,-1,-1
95,5023,481.00,162.00,30.98,70.30,1,-1,-1,-1
95,5019,376.00,168.00,40.26,91.36,1,-1,-1,-1
95,5014,562.00,193.00,40.26,91.36,1,-1,-1,-1
96,5029,309.00,186.00,30.98,70.30,1,-1,-1,-1
96,5027,299.00,191.00,30.98,70.30,1,-1,-1,-1
96,5019,376.00,168.00,40.26,91.36,1,-1,-1,-1
97,5029,309.00,186.00,30.98,70.30,1,-1,-1,-1
97,5028,470.00,171.00,28.36,64.36,1,-1,-1,-1
97,5019,376.00,168.00,40.26,91.36,1,-1,-1,-1
98,5030,505.00,158.00,28.36,64.36,1,-1,-1,-1
98,5029,309.00,186.00,30.98,70.30,1,-1,-1,-1
98,5019,376.00,168.00,40.26,91.36,1,-1,-1,-1
98,4978,367.00,177.00,33.73,76.54,1,-1,-1,-1
99,5031,575.00,162.00,33.73,76.54,1,-1,-1,-1
99,5030,505.00,158.00,28.36,64.36,1,-1,-1,-1
99,5023,481.00,162.00,30.98,70.30,1,-1,-1,-1
99,5019,376.00,168.00,40.26,91.36,1,-1,-1,-1
100,5034,509.00,162.00,28.36,64.36,1,-1,-1,-1
100,5031,575.00,162.00,33.73,76.54,1,-1,-1,-1
100,5023,481.00,162.00,30.98,70.30,1,-1,-1,-1
100,5019,376.00,168.00,40.26,91.36,1,-1,-1,-1
101,5034,509.00,162.00,28.36,64.36,1,-1,-1,-1
101,5031,575.00,162.00,33.73,76.54,1,-1,-1,-1
101,5019,376.00,168.00,40.26,91.36,1,-1,-1,-1
102,5036,496.00,162.00,28.36,64.36,1,-1,-1,-1
102,5034,509.00,162.00,28.36,64.36,1,-1,-1,-1
102,5031,575.00,162.00,33.73,76.54,1,-1,-1,-1
102,5019,376.00,168.00,40.26,91.36,1,-1,-1,-1
103,5039,427.00,188.00,28.36,64.36,1,-1,-1,-1
103,5036,496.00,162.00,28.36,64.36,1,-1,-1,-1
103,5034,509.00,162.00,28.36,64.36,1,-1,-1,-1
103,5031,575.00,162.00,33.73,76.54,1,-1,-1,-1
103,5030,505.00,158.00,28.36,64.36,1,-1,-1,-1
104,5040,361.00,205.00,30.98,70.30,1,-1,-1,-1
104,5039,427.00,188.00,28.36,64.36,1,-1,-1,-1
104,5036,496.00,162.00,28.36,64.36,1,-1,-1,-1
104,5030,505.00,158.00,28.36,64.36,1,-1,-1,-1
105,5042,367.00,172.00,33.73,76.54,1,-1,-1,-1
105,5040,361.00,205.00,30.98,70.30,1,-1,-1,-1
105,5039,427.00,188.00,28.36,64.36,1,-1,-1,-1
105,5036,496.00,162.00,28.36,64.36,1,-1,-1,-1
105,5030,505.00,158.00,28.36,64.36,1,-1,-1,-1
106,5039,427.00,188.00,28.36,64.36,1,-1,-1,-1
106,5036,496.00,162.00,28.36,64.36,1,-1,-1,-1
106,5030,505.00,158.00,28.36,64.36,1,-1,-1,-1
106,5019,376.00,168.00,40.26,91.36,1,-1,-1,-1
107,5045,592.00,142.00,36.71,83.29,1,-1,-1,-1
107,5044,524.00,148.00,30.98,70.30,1,-1,-1,-1
107,5034,509.00,162.00,28.36,64.36,1,-1,-1,-1
107,5019,376.00,168.00,40.26,91.36,1,-1,-1,-1
108,5046,380.00,201.00,30.98,70.30,1,-1,-1,-1
108,5045,592.00,142.00,36.71,83.29,1,-1,-1,-1
108,5044,524.00,148.00,30.98,70.30,1,-1,-1,-1
108,5034,509.00,162.00,28.36,64.36,1,-1,-1,-1
108,5019,376.00,168.00,40.26,91.36,1,-1,-1,-1
109,5045,592.00,142.00,36.71,83.29,1,-1,-1,-1
109,5044,524.00,148.00,30.98,70.30,1,-1,-1,-1
109,5019,376.00,168.00,40.26,91.36,1,-1,-1,-1
110,5047,535.00,149.00,26.00,59.00,1,-1,-1,-1
110,5044,524.00,148.00,30.98,70.30,1,-1,-1,-1
111,5047,535.00,149.00,26.00,59.00,1,-1,-1,-1
112,5050,362.00,172.00,33.73,76.54,1,-1,-1,-1
113,5052,614.00,143.00,30.98,70.30,1,-1,-1,-1
113,5050,362.00,172.00,33.73,76.54,1,-1,-1,-1
114,5055,553.00,140.00,28.36,64.36,1,-1,-1,-1
114,5052,614.00,143.00,30.98,70.30,1,-1,-1,-1
114,5050,362.00,172.00,33.73,76.54,1,-1,-1,-1
115,5056,376.00,181.00,30.98,70.30,1,-1,-1,-1
115,5055,553.00,140.00,28.36,64.36,1,-1,-1,-1
115,5052,614.00,143.00,30.98,70.30,1,-1,-1,-1
115,5050,362.00,172.00,33.73,76.54,1,-1,-1,-1
115,5047,535.00,149.00,26.00,59.00,1,-1,-1,-1
116,5056,376.00,181.00,30.98,70.30,1,-1,-1,-1
116,5055,553.00,140.00,28.36,64.36,1,-1,-1,-1
116,5052,614.00,143.00,30.98,70.30,1,-1,-1,-1
116,5050,362.00,172.00,33.73,76.54,1,-1,-1,-1
116,5047,535.00,149.00,26.00,59.00,1,-1,-1,-1
117,5057,450.00,208.00,33.73,76.54,1,-1,-1,-1
117,5056,376.00,181.00,30.98,70.30,1,-1,-1,-1
117,5055,553.00,140.00,28.36,64.36,1,-1,-1,-1
118,5055,553.00,140.00,28.36,64.36,1,-1,-1,-1
119,5058,563.00,141.00,26.00,59.00,1,-1,-1,-1
119,5055,553.00,140.00,28.36,64.36,1,-1,-1,-1
120,5062,632.00,130.00,33.73,76.54,1,-1,-1,-1
120,5058,563.00,141.00,26.00,59.00,1,-1,-1,-1
120,5055,553.00,140.00,28.36,64.36,1,-1,-1,-1
120,5050,362.00,172.00,33.73,76.54,1,-1,-1,-1
121,5066,579.00,145.00,26.00,59.00,1,-1,-1,-1
121,5062,632.00,130.00,33.73,76.54,1,-1,-1,-1
121,5055,553.00,140.00,28.36,64.36,1,-1,-1,-1
121,5050,362.00,172.00,33.73,76.54,1,-1,-1,-1
122,5066,579.00,145.00,26.00,59.00,1,-1,-1,-1
122,5062,632.00,130.00,33.73,76.54,1,-1,-1,-1
122,5050,362.00,172.00,33.73,76.54,1,-1,-1,-1
123,5050,362.00,172.00,33.73,76.54,1,-1,-1,-1
124,5058,563.00,141.00,26.00,59.00,1,-1,-1,-1
124,5050,362.00,172.00,33.73,76.54,1,-1,-1,-1
125,5058,563.00,141.00,26.00,59.00,1,-1,-1,-1
126,5072,653.00,120.00,33.73,76.54,1,-1,-1,-1
126,5071,659.00,215.00,36.71,83.29,1,-1,-1,-1
126,5070,591.00,133.00,26.00,59.00,1,-1,-1,-1
126,5066,579.00,145.00,26.00,59.00,1,-1,-1,-1
127,5072,653.00,120.00,33.73,76.54,1,-1,-1,-1
127,5070,591.00,133.00,26.00,59.00,1,-1,-1,-1
127,5066,579.00,145.00,26.00,59.00,1,-1,-1,-1
128,5074,378.00,182.00,33.73,76.54,1,-1,-1,-1
128,5072,653.00,120.00,33.73,76.54,1,-1,-1,-1
128,5070,591.00,133.00,26.00,59.00,1,-1,-1,-1
128,5066,579.00,145.00,26.00,59.00,1,-1,-1,-1
129,5075,575.00,129.00,26.00,59.00,1,-1,-1,-1
129,5074,378.00,182.00,33.73,76.54,1,-1,-1,-1
129,5072,653.00,120.00,33.73,76.54,1,-1,-1,-1
129,5070,591.00,133.00,26.00,59.00,1,-1,-1,-1
130,5074,378.00,182.00,33.73,76.54,1,-1,-1,-1
130,5070,591.00,133.00,26.00,59.00,1,-1,-1,-1
131,5074,378.00,182.00,33.73,76.54,1,-1,-1,-1
132,5074,378.00,182.00,33.73,76.54,1,-1,-1,-1
133,5083,608.00,204.00,36.71,83.29,1,-1,-1,-1
133,5082,675.00,123.00,28.36,64.36,1,-1,-1,-1
133,5074,378.00,182.00,33.73,76.54,1,-1,-1,-1
134,5084,619.00,129.00,26.00,59.00,1,-1,-1,-1
134,5083,608.00,204.00,36.71,83.29,1,-1,-1,-1
134,5082,675.00,123.00,28.36,64.36,1,-1,-1,-1
134,5074,378.00,182.00,33.73,76.54,1,-1,-1,-1
134,5070,591.00,133.00,26.00,59.00,1,-1,-1,-1
135,5084,619.00,129.00,26.00,59.00,1,-1,-1,-1
135,5082,675.00,123.00,28.36,64.36,1,-1,-1,-1
135,5074,378.00,182.00,33.73,76.54,1,-1,-1,-1
135,5070,591.00,133.00,26.00,59.00,1,-1,-1,-1
136,5084,619.00,129.00,26.00,59.00,1,-1,-1,-1
136,5074,378.00,182.00,33.73,76.54,1,-1,-1,-1
136,5070,591.00,133.00,26.00,59.00,1,-1,-1,-1
137,5087,733.00,249.00,43.46,98.62,1,-1,-1,-1
137,5084,619.00,129.00,26.00,59.00,1,-1,-1,-1
137,5074,378.00,182.00,33.73,76.54,1,-1,-1,-1
137,5070,591.00,133.00,26.00,59.00,1,-1,-1,-1
138,5084,619.00,129.00,26.00,59.00,1,-1,-1,-1
138,5074,378.00,182.00,33.73,76.54,1,-1,-1,-1
139,5092,607.00,125.00,26.00,59.00,1,-1,-1,-1
139,5091,691.00,121.00,26.00,59.00,1,-1,-1,-1
139,5084,619.00,129.00,26.00,59.00,1,-1,-1,-1
139,5074,378.00,182.00,33.73,76.54,1,-1,-1,-1
140,5092,607.00,125.00,26.00,59.00,1,-1,-1,-1
140,5091,691.00,121.00,26.00,59.00,1,-1,-1,-1
140,5074,378.00,182.00,33.73,76.54,1,-1,-1,-1
141,5097,419.00,182.00,33.73,76.54,1,-1,-1,-1
141,5095,654.00,227.00,36.71,83.29,1,-1,-1,-1
141,5093,623.00,121.00,26.00,59.00,1,-1,-1,-1
141,5092,607.00,125.00,26.00,59.00,1,-1,-1,-1
141,5091,691.00,121.00,26.00,59.00,1,-1,-1,-1
141,5074,378.00,182.00,33.73,76.54,1,-1,-1,-1
142,5097,419.00,182.00,33.73,76.54,1,-1,-1,-1
142,5095,654.00,227.00,36.71,83.29,1,-1,-1,-1
142,5091,691.00,121.00,26.00,59.00,1,-1,-1,-1
142,5074,378.00,182.00,33.73,76.54,1,-1,-1,-1
143,5097,419.00,182.00,33.73,76.54,1,-1,-1,-1
143,5095,654.00,227.00,36.71,83.29,1,-1,-1,-1
143,5091,691.00,121.00,26.00,59.00,1,-1,-1,-1
143,5084,619.00,129.00,26.00,59.00,1,-1,-1,-1
143,5074,378.00,182.00,33.73,76.54,1,-1,-1,-1
144,5098,631.00,117.00,26.00,59.00,1,-1,-1,-1
144,5097,419.00,182.00,33.73,76.54,1,-1,-1,-1
144,5095,654.00,227.00,36.71,83.29,1,-1,-1,-1
144,5084,619.00,129.00,26.00,59.00,1,-1,-1,-1
144,5074,378.00,182.00,33.73,76.54,1,-1,-1,-1
145,5098,631.00,117.00,26.00,59.00,1,-1,-1,-1
145,5097,419.00,182.00,33.73,76.54,1,-1,-1,-1
145,5095,654.00,227.00,36.71,83.29,1,-1,-1,-1
145,5084,619.00,129.00,26.00,59.00,1,-1,-1,-1
145,5074,378.00,182.00,33.73,76.54,1,-1,-1,-1
146,5098,631.00,117.00,26.00,59.00,1,-1,-1,-1
146,5097,419.00,182.00,33.73,76.54,1,-1,-1,-1
146,5074,378.00,182.00,33.73,76.54,1,-1,-1,-1
147,5105,706.00,110.00,28.36,64.36,1,-1,-1,-1
147,5103,639.00,117.00,26.00,59.00,1,-1,-1,-1
147,5098,631.00,117.00,26.00,59.00,1,-1,-1,-1
147,5097,419.00,182.00,33.73,76.54,1,-1,-1,-1
147,5074,378.00,182.00,33.73,76.54,1,-1,-1,-1
148,5105,706.00,110.00,28.36,64.36,1,-1,-1,-1
148,5103,639.00,117.00,26.00,59.00,1,-1,-1,-1
148,5098,631.00,117.00,26.00,59.00,1,-1,-1,-1
148,5097,419.00,182.00,33.73,76.54,1,-1,-1,-1
148,5074,378.00,182.00,33.73,76.54,1,-1,-1,-1
149,5105,706.00,110.00,28.36,64.36,1,-1,-1,-1
149,5098,631.00,117.00,26.00,59.00,1,-1,-1,-1
149,5097,419.00,182.00,33.73,76.54,1,-1,-1,-1
150,5110,388.00,198.00,33.73,76.54,1,-1,-1,-1
150,5105,706.00,110.00,28.36,64.36,1,-1,-1,-1
150,5098,631.00,117.00,26.00,59.00,1,-1,-1,-1
150,5097,419.00,182.00,33.73,76.54,1,-1,-1,-1
151,5111,647.00,113.00,26.00,59.00,1,-1,-1,-1
151,5110,388.00,198.00,33.73,76.54,1,-1,-1,-1
151,5105,706.00,110.00,28.36,64.36,1,-1,-1,-1
151,5098,631.00,117.00,26.00,59.00,1,-1,-1,-1
151,5097,419.00,182.00,33.73,76.54,1,-1,-1,-1
152,5110,388.00,198.00,33.73,76.54,1,-1,-1,-1
152,5105,706.00,110.00,28.36,64.36,1,-1,-1,-1
152,5098,631.00,117.00,26.00,59.00,1,-1,-1,-1
153,5110,388.00,198.00,33.73,76.54,1,-1,-1,-1
153,5105,706.00,110.00,28.36,64.36,1,-1,-1,-1
153,5098,631.00,117.00,26.00,59.00,1,-1,-1,-1
154,5115,655.00,109.00,26.00,59.00,1,-1,-1,-1
154,5110,388.00,198.00,33.73,76.54,1,-1,-1,-1
154,5105,706.00,110.00,28.36,64.36,1,-1,-1,-1
155,5117,433.00,193.00,36.71,83.29,1,-1,-1,-1
155,5115,655.00,109.00,26.00,59.00,1,-1,-1,-1
155,5111,647.00,113.00,26.00,59.00,1,-1,-1,-1
155,5110,388.00,198.00,33.73,76.54,1,-1,-1,-1
155,5105,706.00,110.00,28.36,64.36,1,-1,-1,-1
156,5117,433.00,193.00,36.71,83.29,1,-1,-1,-1
156,5115,655.00,109.00,26.00,59.00,1,-1,-1,-1
156,5111,647.00,113.00,26.00,59.00,1,-1,-1,-1
156,5110,388.00,198.00,33.73,76.54,1,-1,-1,-1
157,5118,556.00,224.00,40.26,91.35,1,-1,-1,-1
157,5117,433.00,193.00,36.71,83.29,1,-1,-1,-1
157,5115,655.00,109.00,26.00,59.00,1,-1,-1,-1
157,5111,647.00,113.00,26.00,59.00,1,-1,-1,-1
157,5110,388.00,198.00,33.73,76.54,1,-1,-1,-1
158,5111,647.00,113.00,26.00,59.00,1,-1,-1,-1
159,5111,647.00,113.00,26.00,59.00,1,-1,-1,-1
160,5111,647.00,113.00,26.00,59.00,1,-1,-1,-1
161,5117,433.00,193.00,36.71,83.29,1,-1,-1,-1
161,5111,647.00,113.00,26.00,59.00,1,-1,-1,-1
162,5126,471.00,208.00,33.73,76.54,1,-1,-1,-1
162,5125,671.00,110.00,30.98,70.30,1,-1,-1,-1
162,5117,433.00,193.00,36.71,83.29,1,-1,-1,-1
162,5111,647.00,113.00,26.00,59.00,1,-1,-1,-1
163,5125,671.00,110.00,30.98,70.30,1,-1,-1,-1
163,5117,433.00,193.00,36.71,83.29,1,-1,-1,-1
163,5111,647.00,113.00,26.00,59.00,1,-1,-1,-1
164,5132,662.00,115.00,30.98,70.30,1,-1,-1,-1
164,5125,671.00,110.00,30.98,70.30,1,-1,-1,-1
164,5117,433.00,193.00,36.71,83.29,1,-1,-1,-1
165,5132,662.00,115.00,30.98,70.30,1,-1,-1,-1
165,5125,671.00,110.00,30.98,70.30,1,-1,-1,-1
165,5117,433.00,193.00,36.71,83.29,1,-1,-1,-1
166,5132,662.00,115.00,30.98,70.30,1,-1,-1,-1
166,5126,471.00,208.00,33.73,76.54,1,-1,-1,-1
166,5125,671.00,110.00,30.98,70.30,1,-1,-1,-1
166,5117,433.00,193.00,36.71,83.29,1,-1,-1,-1
167,5132,662.00,115.00,30.98,70.30,1,-1,-1,-1
167,5129,496.00,221.00,36.71,83.29,1,-1,-1,-1
167,5126,471.00,208.00,33.73,76.54,1,-1,-1,-1
167,5117,433.00,193.00,36.71,83.29,1,-1,-1,-1
168,5132,662.00,115.00,30.98,70.30,1,-1,-1,-1
168,5129,496.00,221.00,36.71,83.29,1,-1,-1,-1
168,5126,471.00,208.00,33.73,76.54,1,-1,-1,-1
168,5117,433.00,193.00,36.71,83.29,1,-1,-1,-1
169,5135,647.00,110.00,33.73,76.54,1,-1,-1,-1
169,5132,662.00,115.00,30.98,70.30,1,-1,-1,-1
169,5129,496.00,221.00,36.71,83.29,1,-1,-1,-1
169,5126,471.00,208.00,33.73,76.54,1,-1,-1,-1
169,5117,433.00,193.00,36.71,83.29,1,-1,-1,-1
170,5139,687.00,101.00,26.00,59.00,1,-1,-1,-1
170,5135,647.00,110.00,33.73,76.54,1,-1,-1,-1
170,5132,662.00,115.00,30.98,70.30,1,-1,-1,-1
170,5126,471.00,208.00,33.73,76.54,1,-1,-1,-1
170,5125,671.00,110.00,30.98,70.30,1,-1,-1,-1
170,5117,433.00,193.00,36.71,83.29,1,-1,-1,-1
171,5139,687.00,101.00,26.00,59.00,1,-1,-1,-1
171,5135,647.00,110.00,33.73,76.54,1,-1,-1,-1
171,5132,662.00,115.00,30.98,70.30,1,-1,-1,-1
171,5125,671.00,110.00,30.98,70.30,1,-1,-1,-1
171,5117,433.00,193.00,36.71,83.29,1,-1,-1,-1
172,5140,290.00,167.00,30.98,70.30,1,-1,-1,-1
172,5139,687.00,101.00,26.00,59.00,1,-1,-1,-1
172,5125,671.00,110.00,30.98,70.30,1,-1,-1,-1
172,5117,433.00,193.00,36.71,83.29,1,-1,-1,-1
173,5141,513.00,205.00,40.26,91.36,1,-1,-1,-1
173,5139,687.00,101.00,26.00,59.00,1,-1,-1,-1
173,5125,671.00,110.00,30.98,70.30,1,-1,-1,-1
173,5117,433.00,193.00,36.71,83.29,1,-1,-1,-1
174,5142,446.00,208.00,43.46,98.62,1,-1,-1,-1
174,5139,687.00,101.00,26.00,59.00,1,-1,-1,-1
174,5125,671.00,110.00,30.98,70.30,1,-1,-1,-1
175,5143,624.00,120.00,30.98,70.30,1,-1,-1,-1
175,5139,687.00,101.00,26.00,59.00,1,-1,-1,-1
175,5125,671.00,110.00,30.98,70.30,1,-1,-1,-1
176,5143,624.00,120.00,30.98,70.30,1,-1,-1,-1
176,5139,687.00,101.00,26.00,59.00,1,-1,-1,-1
176,5126,471.00,208.00,33.73,76.54,1,-1,-1,-1
176,5125,671.00,110.00,30.98,70.30,1,-1,-1,-1
177,5146,400.00,198.00,47.48,107.74,1,-1,-1,-1
177,5139,687.00,101.00,26.00,59.00,1,-1,-1,-1
177,5126,471.00,208.00,33.73,76.54,1,-1,-1,-1
177,5125,671.00,110.00,30.98,70.30,1,-1,-1,-1
178,5139,687.00,101.00,26.00,59.00,1,-1,-1,-1
178,5126,471.00,208.00,33.73,76.54,1,-1,-1,-1
178,5125,671.00,110.00,30.98,70.30,1,-1,-1,-1
179,5149,695.00,97.00,26.00,59.00,1,-1,-1,-1
179,5125,671.00,110.00,30.98,70.30,1,-1,-1,-1
180,5152,556.00,211.00,40.26,91.35,1,-1,-1,-1
180,5151,605.00,127.00,28.36,64.36,1,-1,-1,-1
180,5150,386.00,202.00,43.46,98.62,1,-1,-1,-1
180,5149,695.00,97.00,26.00,59.00,1,-1,-1,-1
180,5125,671.00,110.00,30.98,70.30,1,-1,-1,-1
181,5154,490.00,221.00,36.71,83.29,1,-1,-1,-1
181,5149,695.00,97.00,26.00,59.00,1,-1,-1,-1
181,5125,671.00,110.00,30.98,70.30,1,-1,-1,-1
182,5154,490.00,221.00,36.71,83.29,1,-1,-1,-1
182,5149,695.00,97.00,26.00,59.00,1,-1,-1,-1
182,5125,671.00,110.00,30.98,70.30,1,-1,-1,-1
183,5154,490.00,221.00,36.71,83.29,1,-1,-1,-1
183,5149,695.00,97.00,26.00,59.00,1,-1,-1,-1
183,5125,671.00,110.00,30.98,70.30,1,-1,-1,-1
184,5158,580.00,125.00,33.73,76.54,1,-1,-1,-1
184,5157,587.00,218.00,40.26,91.35,1,-1,-1,-1
184,5149,695.00,97.00,26.00,59.00,1,-1,-1,-1
184,5125,671.00,110.00,30.98,70.30,1,-1,-1,-1
185,5158,580.00,125.00,33.73,76.54,1,-1,-1,-1
185,5149,695.00,97.00,26.00,59.00,1,-1,-1,-1
186,5162,506.00,218.00,40.26,91.35,1,-1,-1,-1
186,5160,599.00,224.00,40.26,91.35,1,-1,-1,-1
186,5149,695.00,97.00,26.00,59.00,1,-1,-1,-1
187,5165,683.00,101.00,26.00,59.00,1,-1,-1,-1
187,5149,695.00,97.00,26.00,59.00,1,-1,-1,-1
188,5168,166.00,153.00,30.98,70.30,1,-1,-1,-1
188,5165,683.00,101.00,26.00,59.00,1,-1,-1,-1
188,5149,695.00,97.00,26.00,59.00,1,-1,-1,-1
189,5165,683.00,101.00,26.00,59.00,1,-1,-1,-1
189,5149,695.00,97.00,26.00,59.00,1,-1,-1,-1
190,5165,683.00,101.00,26.00,59.00,1,-1,-1,-1
190,5149,695.00,97.00,26.00,59.00,1,-1,-1,-1
191,5165,683.00,101.00,26.00,59.00,1,-1,-1,-1
191,5149,695.00,97.00,26.00,59.00,1,-1,-1,-1
192,5178,543.00,139.00,30.98,70.30,1,-1,-1,-1
192,5177,143.00,158.00,28.36,64.36,1,-1,-1,-1
192,5176,546.00,238.00,36.71,83.29,1,-1,-1,-1
192,5175,648.00,232.00,36.71,83.29,1,-1,-1,-1
192,5149,695.00,97.00,26.00,59.00,1,-1,-1,-1
193,5176,546.00,238.00,36.71,83.29,1,-1,-1,-1
193,5175,648.00,232.00,36.71,83.29,1,-1,-1,-1
193,5149,695.00,97.00,26.00,59.00,1,-1,-1,-1
194,5180,679.00,93.00,26.00,59.00,1,-1,-1,-1
194,5149,695.00,97.00,26.00,59.00,1,-1,-1,-1
195,5180,679.00,93.00,26.00,59.00,1,-1,-1,-1
195,5149,695.00,97.00,26.00,59.00,1,-1,-1,-1
196,5185,524.00,143.00,30.98,70.30,1,-1,-1,-1
196,5180,679.00,93.00,26.00,59.00,1,-1,-1,-1
196,5149,695.00,97.00,26.00,59.00,1,-1,-1,-1
197,5186,561.00,242.00,47.48,107.74,1,-1,-1,-1
197,5180,679.00,93.00,26.00,59.00,1,-1,-1,-1
197,5149,695.00,97.00,26.00,59.00,1,-1,-1,-1
198,5186,561.00,242.00,47.48,107.74,1,-1,-1,-1
198,5180,679.00,93.00,26.00,59.00,1,-1,-1,-1
198,5149,695.00,97.00,26.00,59.00,1,-1,-1,-1
199,5189,241.00,187.00,36.71,83.29,1,-1,-1,-1
199,5180,679.00,93.00,26.00,59.00,1,-1,-1,-1
199,5149,695.00,97.00,26.00,59.00,1,-1,-1,-1
200,5192,502.00,141.00,33.73,76.54,1,-1,-1,-1
200,5191,688.00,244.00,36.71,83.29,1,-1,-1,-1
200,5180,679.00,93.00,26.00,59.00,1,-1,-1,-1
200,5149,695.00,97.00,26.00,59.00,1,-1,-1,-1
201,5193,593.00,255.00,43.46,98.62,1,-1,-1,-1
201,5180,679.00,93.00,26.00,59.00,1,-1,-1,-1
201,5149,695.00,97.00,26.00,59.00,1,-1,-1,-1
202,5180,679.00,93.00,26.00,59.00,1,-1,-1,-1
202,5149,695.00,97.00,26.00,59.00,1,-1,-1,-1
203,5180,679.00,93.00,26.00,59.00,1,-1,-1,-1
203,5149,695.00,97.00,26.00,59.00,1,-1,-1,-1
204,5199,706.00,255.00,43.46,98.62,1,-1,-1,-1
204,5198,481.00,141.00,33.73,76.54,1,-1,-1,-1
204,5180,679.00,93.00,26.00,59.00,1,-1,-1,-1
204,5149,695.00,97.00,26.00,59.00,1,-1,-1,-1
205,5202,633.00,282.00,43.46,98.62,1,-1,-1,-1
205,5201,67.00,153.00,26.00,59.00,1,-1,-1,-1
205,5199,706.00,255.00,43.46,98.62,1,-1,-1,-1
205,5180,679.00,93.00,26.00,59.00,1,-1,-1,-1
205,5149,695.00,97.00,26.00,59.00,1,-1,-1,-1
206,5202,633.00,282.00,43.46,98.62,1,-1,-1,-1
206,5201,67.00,153.00,26.00,59.00,1,-1,-1,-1
206,5180,679.00,93.00,26.00,59.00,1,-1,-1,-1
206,5149,695.00,97.00,26.00,59.00,1,-1,-1,-1
207,5202,633.00,282.00,43.46,98.62,1,-1,-1,-1
207,5149,695.00,97.00,26.00,59.00,1,-1,-1,-1
208,5204,456.00,142.00,36.71,83.29,1,-1,-1,-1
208,5202,633.00,282.00,43.46,98.62,1,-1,-1,-1
208,5149,695.00,97.00,26.00,59.00,1,-1,-1,-1
209,5208,663.00,101.00,26.00,59.00,1,-1,-1,-1
209,5207,730.00,263.00,47.48,107.74,1,-1,-1,-1
209,5205,47.00,149.00,26.00,59.00,1,-1,-1,-1
209,5202,633.00,282.00,43.46,98.62,1,-1,-1,-1
209,5149,695.00,97.00,26.00,59.00,1,-1,-1,-1
210,5209,428.00,172.00,30.98,70.30,1,-1,-1,-1
210,5208,663.00,101.00,26.00,59.00,1,-1,-1,-1
210,5205,47.00,149.00,26.00,59.00,1,-1,-1,-1
210,5202,633.00,282.00,43.46,98.62,1,-1,-1,-1
210,5149,695.00,97.00,26.00,59.00,1,-1,-1,-1
211,5208,663.00,101.00,26.00,59.00,1,-1,-1,-1
211,5202,633.00,282.00,43.46,98.62,1,-1,-1,-1
211,5149,695.00,97.00,26.00,59.00,1,-1,-1,-1
212,5208,663.00,101.00,26.00,59.00,1,-1,-1,-1
212,5202,633.00,282.00,43.46,98.62,1,-1,-1,-1
212,5149,695.00,97.00,26.00,59.00,1,-1,-1,-1
213,5208,663.00,101.00,26.00,59.00,1,-1,-1,-1
213,5202,633.00,282.00,43.46,98.62,1,-1,-1,-1
213,5149,695.00,97.00,26.00,59.00,1,-1,-1,-1
214,5212,27.00,149.00,26.00,59.00,1,-1,-1,-1
214,5208,663.00,101.00,26.00,59.00,1,-1,-1,-1
214,5202,633.00,282.00,43.46,98.62,1,-1,-1,-1
214,5149,695.00,97.00,26.00,59.00,1,-1,-1,-1
215,5208,663.00,101.00,26.00,59.00,1,-1,-1,-1
215,5202,633.00,282.00,43.46,98.62,1,-1,-1,-1
215,5149,695.00,97.00,26.00,59.00,1,-1,-1,-1
216,5208,663.00,101.00,26.00,59.00,1,-1,-1,-1
216,5202,633.00,282.00,43.46,98.62,1,-1,-1,-1
216,5149,695.00,97.00,26.00,59.00,1,-1,-1,-1
217,5216,395.00,149.00,40.26,91.36,1,-1,-1,-1
217,5208,663.00,101.00,26.00,59.00,1,-1,-1,-1
217,5202,633.00,282.00,43.46,98.62,1,-1,-1,-1
218,5219,7.00,145.00,26.00,59.00,1,-1,-1,-1
218,5208,663.00,101.00,26.00,59.00,1,-1,-1,-1
219,5219,7.00,145.00,26.00,59.00,1,-1,-1,-1
219,5208,663.00,101.00,26.00,59.00,1,-1,-1,-1
220,5221,679.00,105.00,26.00,59.00,1,-1,-1,-1
220,5219,7.00,145.00,26.00,59.00,1,-1,-1,-1
220,5208,663.00,101.00,26.00,59.00,1,-1,-1,-1
221,5221,679.00,105.00,26.00,59.00,1,-1,-1,-1
221,5208,663.00,101.00,26.00,59.00,1,-1,-1,-1
222,5224,104.00,181.00,30.98,70.30,1,-1,-1,-1
222,5221,679.00,105.00,26.00,59.00,1,-1,-1,-1
222,5208,663.00,101.00,26.00,59.00,1,-1,-1,-1
223,5221,679.00,105.00,26.00,59.00,1,-1,-1,-1
224,5227,574.00,289.00,52.00,118.00,1,-1,-1,-1
224,5221,679.00,105.00,26.00,59.00,1,-1,-1,-1
225,5229,655.00,105.00,26.00,59.00,1,-1,-1,-1
225,5221,679.00,105.00,26.00,59.00,1,-1,-1,-1
226,5229,655.00,105.00,26.00,59.00,1,-1,-1,-1
226,5221,679.00,105.00,26.00,59.00,1,-1,-1,-1
227,5229,655.00,105.00,26.00,59.00,1,-1,-1,-1
227,5221,679.00,105.00,26.00,59.00,1,-1,-1,-1
228,5234,542.00,281.00,52.00,118.00,1,-1,-1,-1
228,5229,655.00,105.00,26.00,59.00,1,-1,-1,-1
228,5221,679.00,105.00,26.00,59.00,1,-1,-1,-1
229,5236,64.00,179.00,28.36,64.36,1,-1,-1,-1
229,5235,699.00,227.00,36.71,83.29,1,-1,-1,-1
229,5229,655.00,105.00,26.00,59.00,1,-1,-1,-1
229,5221,679.00,105.00,26.00,59.00,1,-1,-1,-1
230,5238,643.00,113.00,26.00,59.00,1,-1,-1,-1
230,5236,64.00,179.00,28.36,64.36,1,-1,-1,-1
230,5221,679.00,105.00,26.00,59.00,1,-1,-1,-1
231,5238,643.00,113.00,26.00,59.00,1,-1,-1,-1
231,5221,679.00,105.00,26.00,59.00,1,-1,-1,-1
232,5239,517.00,278.00,47.48,107.74,1,-1,-1,-1
232,5238,643.00,113.00,26.00,59.00,1,-1,-1,-1
232,5221,679.00,105.00,26.00,59.00,1,-1,-1,-1
233,5243,730.00,293.00,47.48,107.74,1,-1,-1,-1
233,5242,294.00,162.00,33.73,76.54,1,-1,-1,-1
233,5240,47.00,179.00,28.36,64.36,1,-1,-1,-1
233,5238,643.00,113.00,26.00,59.00,1,-1,-1,-1
233,5221,679.00,105.00,26.00,59.00,1,-1,-1,-1
234,5240,47.00,179.00,28.36,64.36,1,-1,-1,-1
234,5238,643.00,113.00,26.00,59.00,1,-1,-1,-1
235,5240,47.00,179.00,28.36,64.36,1,-1,-1,-1
235,5238,643.00,113.00,26.00,59.00,1,-1,-1,-1
236,5246,271.00,162.00,30.98,70.30,1,-1,-1,-1
236,5240,47.00,179.00,28.36,64.36,1,-1,-1,-1
236,5238,643.00,113.00,26.00,59.00,1,-1,-1,-1
237,5250,667.00,117.00,26.00,59.00,1,-1,-1,-1
237,5249,700.00,285.00,47.48,107.74,1,-1,-1,-1
237,5248,648.00,210.00,36.71,83.29,1,-1,-1,-1
237,5240,47.00,179.00,28.36,64.36,1,-1,-1,-1
237,5238,643.00,113.00,26.00,59.00,1,-1,-1,-1
238,5250,667.00,117.00,26.00,59.00,1,-1,-1,-1
238,5240,47.00,179.00,28.36,64.36,1,-1,-1,-1
238,5238,643.00,113.00,26.00,59.00,1,-1,-1,-1
239,5253,466.00,262.00,43.46,98.62,1,-1,-1,-1
239,5252,253.00,156.00,33.73,76.54,1,-1,-1,-1
239,5250,667.00,117.00,26.00,59.00,1,-1,-1,-1
239,5240,47.00,179.00,28.36,64.36,1,-1,-1,-1
239,5238,643.00,113.00,26.00,59.00,1,-1,-1,-1
240,5253,466.00,262.00,43.46,98.62,1,-1,-1,-1
240,5252,253.00,156.00,33.73,76.54,1,-1,-1,-1
240,5250,667.00,117.00,26.00,59.00,1,-1,-1,-1
240,5240,47.00,179.00,28.36,64.36,1,-1,-1,-1
240,5238,643.00,113.00,26.00,59.00,1,-1,-1,-1
241,5255,671.00,271.00,47.48,107.74,1,-1,-1,-1
241,5253,466.00,262.00,43.46,98.62,1,-1,-1,-1
241,5250,667.00,117.00,26.00,59.00,1,-1,-1,-1
241,5240,47.00,179.00,28.36,64.36,1,-1,-1,-1
241,5238,643.00,113.00,26.00,59.00,1,-1,-1,-1
242,5250,667.00,117.00,26.00,59.00,1,-1,-1,-1
242,5238,643.00,113.00,26.00,59.00,1,-1,-1,-1
243,5250,667.00,117.00,26.00,59.00,1,-1,-1,-1
243,5238,643.00,113.00,26.00,59.00,1,-1,-1,-1
244,5256,29.00,171.00,28.36,64.36,1,-1,-1,-1
244,5250,667.00,117.00,26.00,59.00,1,-1,-1,-1
245,5264,432.00,249.00,43.46,98.62,1,-1,-1,-1
245,5263,642.00,263.00,47.48,107.74,1,-1,-1,-1
245,5256,29.00,171.00,28.36,64.36,1,-1,-1,-1
245,5250,667.00,117.00,26.00,59.00,1,-1,-1,-1
