2, 0, 1752.3110, 541.3560, 48781.9414, 1762.3101, 551.3550, 48781.9414, 0.4407, 1772.3091, 561.3539, 48781.9414, 1762.3101, 551.3549, 48781.9414, 0.4407, 1689.0000, 385.0000, 1835.6201, 717.7100
3, 0, 1723.9677, 561.0728, 41955.6133, 1733.4115, 570.5168, 41955.6133, 0.4407, 1742.8555, 579.9608, 41955.6133, 1733.4116, 570.5168, 41955.6133, 0.4407, 1665.4238, 416.2402, 1801.3992, 724.7934
4, 0, 1734.2009, 548.1243, 56780.6094, 1746.0137, 554.7371, 57039.2422, 0.4407, 1748.4462, 567.5696, 56521.9727, 1746.0137, 554.7371, 57039.2422, 0.4407, 1663.7942, 377.3354, 1821.9795, 736.2852
5, 0, 1719.7413, 563.6523, 58485.4023, 1726.7598, 573.5903, 57917.8828, 0.4407, 1733.6920, 581.4071, 58756.0000, 1726.7596, 573.5903, 57917.8828, 0.4407, 1645.3785, 391.7813, 1805.6962, 755.5681
6, 0, 1729.1283, 547.3213, 49469.9805, 1737.1003, 555.2699, 49332.0781, 0.4407, 1739.0652, 567.9319, 49608.6172, 1737.1003, 555.2699, 49332.0781, 0.4407, 1661.0155, 388.9963, 1808.8385, 724.4323
7, 0, 1741.6786, 541.3707, 57137.3008, 1745.9951, 552.8695, 57453.3555, 0.4407, 1749.5400, 561.9561, 56974.2578, 1745.9950, 552.8694, 57453.3555, 0.4407, 1666.0839, 372.0502, 1824.9308, 732.5001
8, 0, 1746.0581, 540.3564, 58175.2539, 1747.5770, 552.4426, 57942.6055, 0.4407, 1749.4404, 563.8599, 58381.9492, 1747.5771, 552.4425, 57942.6055, 0.4407, 1668.3939, 369.9489, 1828.4240, 733.0828
9, 0, 1742.0919, 538.0731, 49342.5625, 1740.7830, 551.5487, 49333.8320, 0.4407, 1737.2791, 566.1532, 49552.2266, 1740.7828, 551.5488, 49333.8320, 0.4407, 1667.8329, 383.4262, 1815.4540, 718.4036
10, 0, 1764.1101, 535.1367, 48401.1562, 1758.4749, 551.3895, 48815.1914, 0.4407, 1745.6852, 570.2682, 48418.1992, 1758.4750, 551.3895, 48815.1914, 0.4407, 1685.2113, 385.0159, 1831.5001, 716.9713
11, 0, 1777.7480, 530.5942, 48569.5469, 1761.6268, 551.3611, 48783.9453, 0.4407, 1740.3796, 576.9932, 48804.9375, 1761.6268, 551.3611, 48783.9453, 0.4407, 1689.8070, 385.0669, 1836.1974, 717.2534
12, 0, 1791.0350, 542.1390, 48555.0469, 1762.1884, 570.2585, 48782.0625, 0.4407, 1720.9711, 606.4783, 49036.1992, 1762.1882, 570.2585, 48782.0625, 0.4407, 1690.2765, 403.9307, 1836.7992, 736.4183
13, 0, 1812.0522, 516.5134, 48415.3828, 1762.2885, 554.7227, 48781.9492, 0.4407, 1689.8849, 611.2003, 49285.1484, 1762.2883, 554.7227, 48781.9492, 0.4407, 1689.8229, 390.1102, 1836.4071, 722.7378
14, 0, 1834.2820, 492.7725, 56777.4453, 1750.4799, 552.7727, 57420.1875, 0.4407, 1629.1479, 631.7247, 58325.7539, 1750.4799, 552.7727, 57420.1875, 0.4407, 1671.3425, 372.1825, 1830.4045, 733.1226
15, 0, 1885.7788, 462.3913, 57104.7852, 1748.3761, 552.4253, 57940.6055, 0.4407, 1547.2026, 674.7328, 60159.5820, 1748.3761, 552.4253, 57940.6055, 0.4407, 1667.3422, 370.0836, 1827.5499, 733.6222
16, 0, 1973.5923, 414.1426, 55936.5820, 1748.0013, 552.3634, 57971.9609, 0.4407, 1423.5146, 743.6731, 61145.0273, 1748.0013, 552.3634, 57971.9609, 0.4407, 1666.9982, 370.3026, 1827.0729, 733.5380
17, 0, 2106.8442, 336.0286, 45559.8086, 1740.8585, 551.5347, 49335.6016, 0.4407, 1218.9294, 852.5764, 54745.0859, 1740.8584, 551.5347, 49335.6016, 0.4407, 1666.4811, 383.8796, 1814.0382, 718.7122
18, 0, 2328.6841, 231.1120, 41766.6758, 1739.5859, 570.2895, 48815.2969, 0.4407, 900.4598, 1046.1646, 57761.6719, 1739.5858, 570.2894, 48815.2969, 0.4407, 1665.5253, 404.1751, 1811.7782, 736.0490
19, 0, 2685.9900, 38.7796, 36806.8594, 1739.3593, 573.6307, 48783.9531, 0.4407, 395.7667, 1332.3217, 65430.8945, 1739.3591, 573.6307, 48783.9531, 0.4407, 1665.4553, 409.1782, 1811.8311, 741.3320
20, 0, 3243.0347, -295.1655, 36305.5547, 1725.8488, 556.1412, 57420.3125, 0.4407, -423.8356, 1760.0083, 87212.1406, 1725.8489, 556.1412, 57420.3086, 0.4407, 1645.9636, 377.3313, 1804.9424, 738.0820
21, 0, 4150.2046, -804.5438, 20778.6797, 1723.4419, 553.0253, 57940.6172, 0.4407, -1716.4073, 2465.3977, 111517.5781, 1723.4419, 553.0255, 57940.6172, 0.4407, 1641.9456, 370.5851, 1802.1226, 734.0536
22, 0, 5604.9243, -1588.5477, -8577.0234, 1723.0131, 573.0165, 57971.9609, 0.4407, -3772.8022, 3623.8933, 152377.6875, 1723.0128, 573.0165, 57971.9609, 0.4407, 1641.7668, 390.3134, 1801.8308, 753.5240
23, 0, 7934.4731, -2887.1543, -49053.7656, 1729.4453, 556.8330, 69308.0938, 0.4407, -7050.3584, 5429.1475, 236766.0000, 1729.4456, 556.8329, 69308.0938, 0.4407, 1641.3125, 359.5724, 1816.1658, 756.3436
24, 0, 11659.5146, -4945.3691, -151214.3281, 1744.6288, 553.1485, 58656.7969, 0.4407, -12279.0020, 8322.8574, 356836.7188, 1744.6288, 553.1486, 58656.7969, 0.4407, 1664.2205, 369.6404, 1825.5786, 735.7877
25, 0, 17586.2051, -8222.3496, -315884.8438, 1747.3334, 552.4922, 58015.1250, 0.4407, -20650.2559, 12956.2432, 585818.2500, 1747.3334, 552.4923, 58015.1250, 0.4407, 1669.2170, 370.4648, 1828.8899, 732.7874
26, 0, 27044.0332, -13454.4648, -605627.3750, 1747.8148, 552.3755, 57976.4375, 0.4407, -34026.8359, 20356.4824, 996159.5000, 1747.8148, 552.3756, 57976.4688, 0.4407, 1669.4839, 370.5886, 1829.1462, 732.8871
27, 0, 42155.6367, -21787.0039, -1109212.2500, 1756.0535, 575.3452, 69308.3359, 0.4407, -55379.6211, 32196.5781, 1735917.7500, 1756.0533, 575.3453, 69308.3359, 0.4407, 1669.5789, 376.8036, 1844.2722, 773.2111