2, 0, 1689.0000, 385.0000, 1835.6201, 717.7100, 1689.0000, 385.0000, 1835.6201, 717.7100, 1689.0000, 385.0000, 1835.6201, 717.7100
3, 0, 1665.4237, 416.2403, 1801.3990, 724.7935, 1665.4237, 416.2403, 1801.3990, 724.7935, 1665.4238, 416.2402, 1801.3992, 724.7934
4, 0, 1663.7942, 377.3354, 1821.9795, 736.2852, 1663.7942, 377.3354, 1821.9795, 736.2852, 1663.7942, 377.3354, 1821.9795, 736.2852
5, 0, 1645.3785, 391.7812, 1805.6962, 755.5681, 1645.3785, 391.7812, 1805.6962, 755.5681, 1645.3785, 391.7813, 1805.6962, 755.5681
6, 0, 1661.0154, 388.9963, 1808.8384, 724.4323, 1661.0154, 388.9963, 1808.8384, 724.4323, 1661.0155, 388.9963, 1808.8385, 724.4323
7, 0, 1666.0839, 372.0502, 1824.9308, 732.5001, 1666.0839, 372.0502, 1824.9308, 732.5001, 1666.0839, 372.0502, 1824.9308, 732.5001
8, 0, 1668.3940, 369.9489, 1828.4241, 733.0828, 1668.3940, 369.9489, 1828.4241, 733.0828, 1668.3939, 369.9489, 1828.4240, 733.0828
9, 0, 1667.8330, 383.4262, 1815.4541, 718.4036, 1667.8330, 383.4262, 1815.4541, 718.4036, 1667.8329, 383.4262, 1815.4540, 718.4036
10, 0, 1685.2114, 385.0160, 1831.5002, 716.9712, 1685.2114, 385.0160, 1831.5002, 716.9712, 1685.2113, 385.0159, 1831.5001, 716.9713
11, 0, 1689.8069, 385.0668, 1836.1973, 717.2534, 1689.8069, 385.0668, 1836.1973, 717.2534, 1689.8070, 385.0669, 1836.1974, 717.2534
12, 0, 1682.0580, 395.7123, 1828.5807, 728.1998, 1698.4950, 412.1492, 1845.0177, 744.6368, 1690.2765, 403.9307, 1836.7992, 736.4183
13, 0, 1687.6067, 387.8942, 1834.1909, 720.5217, 1692.0391, 392.3264, 1838.6233, 724.9539, 1689.8229, 390.1102, 1836.4071, 722.7378
14, 0, 1669.2604, 370.1004, 1828.3224, 731.0404, 1673.4248, 374.2647, 1832.4868, 735.2047, 1671.3425, 372.1825, 1830.4045, 733.1226
15, 0, 1664.4052, 367.1465, 1824.6129, 730.6851, 1670.2793, 373.0208, 1830.4871, 736.5593, 1667.3422, 370.0836, 1827.5499, 733.6222
16, 0, 1662.6691, 365.9735, 1822.7438, 729.2089, 1671.3273, 374.6318, 1831.4020, 737.8671, 1666.9982, 370.3026, 1827.0729, 733.5380
17, 0, 1660.0767, 377.4753, 1807.6338, 712.3079, 1672.8854, 390.2840, 1820.4425, 725.1166, 1666.4811, 383.8796, 1814.0382, 718.7122
18, 0, 1656.0479, 394.6979, 1802.3008, 726.5718, 1675.0024, 413.6524, 1821.2551, 745.5263, 1665.5253, 404.1751, 1811.7782, 736.0490
19, 0, 1651.4304, 395.1533, 1797.8062, 727.3071, 1679.4801, 423.2031, 1825.8558, 755.3569, 1665.4552, 409.1782, 1811.8309, 741.3320
20, 0, 1625.2090, 356.5767, 1784.1877, 717.3274, 1666.7184, 398.0861, 1825.6971, 758.8368, 1645.9636, 377.3314, 1804.9424, 738.0820
21, 0, 1611.2318, 339.8713, 1771.4088, 703.3398, 1672.6595, 401.2990, 1832.8365, 764.7675, 1641.9456, 370.5851, 1802.1226, 734.0536
22, 0, 1596.3149, 344.8615, 1756.3789, 708.0721, 1687.2189, 435.7652, 1847.2828, 798.9759, 1641.7670, 390.3134, 1801.8309, 753.5240
23, 0, 1574.0505, 292.3105, 1748.9038, 689.0817, 1708.5745, 426.8344, 1883.4277, 823.6056, 1641.3125, 359.5724, 1816.1658, 756.3436
24, 0, 1564.6829, 270.1029, 1726.0410, 636.2503, 1763.7581, 469.1780, 1925.1162, 835.3254, 1664.2205, 369.6404, 1825.5786, 735.7877
25, 0, 1521.9164, 223.1643, 1681.5892, 585.4869, 1816.5179, 517.7654, 1976.1908, 880.0880, 1669.2170, 370.4648, 1828.8899, 732.7874
26, 0, 1451.5009, 152.6056, 1611.1632, 514.9041, 1887.4672, 588.5715, 2047.1295, 950.8699, 1669.4839, 370.5886, 1829.1462, 732.8871
27, 0, 1346.9963, 54.2221, 1521.6897, 450.6296, 1992.1611, 699.3851, 2166.8545, 1095.7926, 1669.5789, 376.8036, 1844.2722, 773.2111