6, 3049, 259.1886, 189.9909, 285.1280, 248.8534, 283.2537, 214.0561, 309.1931, 272.9186
7, 3049, 243.1325, 168.3570, 269.1082, 227.3020, 308.6910, 233.9158, 334.6667, 292.8609
8, 3049, 198.2316, 119.4926, 224.2229, 178.4727, 367.6888, 288.9505, 393.6800, 347.9307
9, 3049, 75.6260, -10.0864, 101.6230, 48.9068, 505.9898, 420.2794, 531.9868, 479.2726
10, 3049, -245.7537, -342.8709, -217.5632, -278.8999, 843.1976, 746.0854, 871.3880, 810.0563
11, 3049, -1066.7225, -1169.2126, -1040.5060, -1109.7207, 1680.8807, 1578.4034, 1707.0973, 1637.8954
12, 3049, -3148.0544, -3263.1182, -3119.8875, -3199.2002, 3781.0786, 3666.0474, 3809.2456, 3729.9653
13, 3049, -8414.1641, -8535.0439, -8385.7969, -8470.6709, 9057.7500, 8936.9512, 9086.1172, 9001.3242
14, 3049, -21693.1484, -21827.2676, -21662.4180, -21757.5371, 22360.6855, 22226.7715, 22391.4160, 22296.5020
15, 3049, -55193.4102, -55338.4922, -55162.4805, -55268.3047, 55882.9609, 55738.3906, 55913.8906, 55808.5781
16, 3049, -139680.3281, -139832.5312, -139651.7969, -139767.7812, 140385.8281, 140234.9219, 140414.3594, 140299.6719
17, 3049, -352721.1562, -352878.7500, -352692.9062, -352814.6250, 353428.6250, 353274.3125, 353456.8750, 353338.4375
3, 3048, 155.0009, 261.0027, 183.3248, 325.2765, 157.0007, 263.0025, 185.3246, 327.2763
7, 3048, 111.3664, 149.3877, 175.3762, 294.6400, 188.8474, 226.8693, 252.8571, 372.1215
8, 3048, 57.5190, 74.5181, 131.3331, 242.0183, 253.7248, 270.7255, 327.5389, 438.2256
9, 3048, -90.0870, -76.5276, -15.4663, 92.8025, 405.5888, 419.1521, 480.2095, 588.4823
10, 3048, -468.5892, -454.1332, -388.7352, -272.9267, 783.6817, 798.1476, 863.5357, 979.3541
11, 3048, -1411.7854, -1405.5806, -1331.5471, -1223.5012, 1746.6782, 1752.9078, 1826.9165, 1934.9872
12, 3048, -3802.9216, -3799.0789, -3728.1394, -3629.3811, 4161.4619, 4165.3667, 4236.2441, 4335.0649
13, 3048, -9858.1289, -9865.3584, -9778.5723, -9684.8252, 10223.5254, 10216.4521, 10303.0820, 10396.9854
14, 3048, -25123.6523, -25142.8594, -25043.5742, -24961.1406, 25509.9219, 25491.1094, 25590.0000, 25672.8281
15, 3048, -63624.8672, -63670.3711, -63538.5234, -63474.4414, 64041.1562, 63996.6445, 64127.5000, 64192.5742
16, 3048, -160735.3125, -160787.0156, -160648.4375, -160589.8594, 161159.2500, 161110.0312, 161246.1250, 161307.1875
17, 3048, -405595.3438, -405648.7812, -405508.5312, -405451.8438, 406019.0312, 405971.8438, 406105.8438, 406168.7812
18, 3048, -1022977.3750, -1023034.5625, -1022890.6250, -1022837.8125, 1023399.3750, 1023358.0000, 1023486.1250, 1023554.7500
19, 3048, -2579617.7500, -2579691.0000, -2579523.7500, -2579477.5000, 2580046.0000, 2580012.7500, 2580140.0000, 2580226.2500
20, 3048, -6504480.0000, -6504565.5000, -6504399.0000, -6504381.5000, 6504917.5000, 6504933.0000, 6504998.5000, 6505117.0000
21, 3048, -16400511.0000, -16400674.0000, -16400425.0000, -16400478.0000, 16400934.0000, 16401027.0000, 16401020.0000, 16401223.0000
22, 3048, -41352000.0000, -41352376.0000, -41351904.0000, -41352160.0000, 41352428.0000, 41352700.0000, 41352524.0000, 41352916.0000
23, 3048, -104263824.0000, -104264696.0000, -104263728.0000, -104264488.0000, 104264256.0000, 104265016.0000, 104264352.0000, 104265224.0000
37, 3061, 440.5321, 193.9465, 468.6869, 257.8364, 464.5974, 218.0117, 492.7521, 281.9016
38, 3061, 421.1506, 161.3941, 454.4240, 236.8995, 486.7095, 226.9529, 519.9829, 302.4583
39, 3061, 374.6841, 118.7302, 401.3994, 179.3536, 544.1422, 288.1880, 570.8575, 348.8114
40, 3061, 248.0105, -6.8445, 273.8816, 51.8632, 678.3767, 423.5209, 704.2478, 482.2286
123, 3080, 484.9677, 174.9675, 521.7367, 258.4035, 509.0324, 199.0325, 545.8014, 282.4685
124, 3080, 467.8550, 165.7376, 499.0892, 236.6144, 533.4124, 231.2958, 564.6465, 302.1726
125, 3080, 414.6037, 108.8204, 447.8181, 184.1913, 584.0580, 278.2768, 617.2725, 353.6477
129, 3080, -1223.0785, -1527.8400, -1192.6674, -1458.8300, 2225.3838, 1920.6659, 2255.7949, 1989.6759
130, 3080, -3828.9001, -4132.2886, -3800.3782, -4067.5652, 4836.1021, 4532.8232, 4864.6245, 4597.5469
131, 3080, -10417.4824, -10719.6934, -10391.3691, -10660.4355, 11424.3262, 11122.3926, 11450.4395, 11181.6504
132, 3080, -27033.6836, -27332.7285, -27007.7852, -27273.9590, 28039.8438, 27741.4980, 28065.7422, 27800.2676
128, 3082, 274.7774, 170.1572, 307.9323, 245.3936, 298.8428, 194.2224, 331.9977, 269.4588
129, 3082, 250.6613, 157.8325, 279.5617, 223.4146, 316.2205, 223.3913, 345.1209, 288.9735
130, 3082, 197.3403, 107.8919, 225.6478, 172.1286, 366.7992, 277.3498, 395.1067, 341.5864
131, 3082, 66.5767, -22.1275, 94.8583, 42.0504, 496.9448, 408.2380, 525.2263, 472.4159
132, 3082, -262.6788, -351.3784, -234.3744, -287.1485, 826.2831, 737.5772, 854.5875, 801.8071
138, 3082, -33281.5859, -33373.5742, -33253.2578, -33309.2930, 33851.9492, 33759.5703, 33880.2773, 33823.8516
157, 3088, 472.5804, 154.1606, 519.7459, 261.1900, 496.6450, 178.2256, 543.8105, 285.2550
161, 3089, 479.5041, 174.3607, 519.0329, 264.0604, 503.5692, 198.4258, 543.0980, 288.1255
162, 3089, 458.7023, 166.5423, 488.1498, 233.3657, 524.2609, 232.1009, 553.7084, 298.9243
163, 3089, 406.7725, 115.3639, 437.2675, 184.5641, 576.2296, 284.8213, 606.7245, 354.0214
164, 3089, 272.6091, -13.7415, 300.9885, 50.6583, 702.9727, 416.6226, 731.3521, 481.0223
167, 3090, 477.6271, 185.2993, 511.2116, 261.5104, 501.6923, 209.3644, 535.2767, 285.5756
168, 3090, 457.2758, 153.8214, 496.9114, 243.7640, 522.8344, 219.3801, 562.4702, 309.3228
169, 3090, 406.1183, 100.1049, 446.2876, 191.2585, 575.5758, 269.5627, 615.7451, 360.7162
170, 3090, 275.9120, -30.4973, 316.0205, 60.5180, 706.2767, 399.8680, 746.3852, 490.8834
218, 3093, 487.8285, 152.1398, 535.1819, 259.5954, 511.8939, 176.2050, 559.2474, 283.6606
181, 3091, 483.7910, 172.1856, 523.7585, 262.8808, 507.8562, 196.2508, 547.8237, 286.9460
182, 3091, 462.2765, 162.3111, 496.4474, 239.8529, 527.8353, 227.8699, 562.0062, 305.4117
183, 3091, 411.5656, 101.6404, 451.1205, 191.3996, 581.0233, 271.0983, 620.5782, 360.8575
184, 3091, 281.9270, -30.2570, 322.0260, 60.7370, 712.2922, 400.1089, 752.3912, 491.1028
185, 3091, -44.1573, -345.1624, -14.8893, -278.7464, 1044.7975, 743.7939, 1074.0656, 810.2100
186, 3091, -870.2697, -1172.3705, -842.3130, -1108.9298, 1877.3425, 1575.2457, 1905.2993, 1638.6864
187, 3091, -2962.9995, -3264.3672, -2932.5259, -3195.2148, 3966.1562, 3664.7983, 3996.6299, 3733.9507
188, 3091, -8235.5479, -8534.6455, -8207.0889, -8470.0654, 9236.4229, 8937.3496, 9264.8818, 9001.9297
189, 3091, -21528.1934, -21829.8828, -21494.9941, -21754.5430, 22525.7852, 22224.1582, 22558.9844, 22299.4980
196, 3091, -3463294.0000, -3463596.2500, -3463263.5000, -3463526.7500, 3464289.7500, 3463996.7500, 3464320.2500, 3464066.2500
197, 3091, -8699956.0000, -8700266.0000, -8699930.0000, -8700206.0000, 8700961.0000, 8700675.0000, 8700987.0000, 8700735.0000
198, 3091, -21928440.0000, -21928766.0000, -21928408.0000, -21928698.0000, 21929432.0000, 21929168.0000, 21929464.0000, 21929236.0000
199, 3091, -55291076.0000, -55291452.0000, -55291044.0000, -55291380.0000, 55292072.0000, 55291848.0000, 55292104.0000, 55291920.0000
200, 3091, -139411472.0000, -139411952.0000, -139411440.0000, -139411888.0000, 139412464.0000, 139412352.0000, 139412496.0000, 139412416.0000
201, 3091, -351508896.0000, -351509664.0000, -351508896.0000, -351509600.0000, 351509920.0000, 351510112.0000, 351509920.0000, 351510176.0000
202, 3091, -886283520.0000, -886285120.0000, -886283520.0000, -886284992.0000, 886284544.0000, 886285440.0000, 886284544.0000, 886285568.0000
203, 3091, -2234645760.0000, -2234649088.0000, -2234645760.0000, -2234649088.0000, 2234646784.0000, 2234649600.0000, 2234646784.0000, 2234649600.0000
204, 3091, -5634359296.0000, -5634367488.0000, -5634359296.0000, -5634367488.0000, 5634360320.0000, 5634368512.0000, 5634360320.0000, 5634368512.0000
208, 3091, -113064722432.0000, -113064869888.0000, -113064722432.0000, -113064869888.0000, 113064722432.0000, 113064869888.0000, 113064722432.0000, 113064869888.0000
212, 3091, -2253184827392.0000, -2253187710976.0000, -2253184827392.0000, -2253187710976.0000, 2253184827392.0000, 2253187710976.0000, 2253184827392.0000, 2253187710976.0000
213, 3091, -5660465954816.0000, -5660473294848.0000, -5660465954816.0000, -5660473294848.0000, 5660465954816.0000, 5660473294848.0000, 5660465954816.0000, 5660473294848.0000
214, 3091, -14267453538304.0000, -14267472412672.0000, -14267453538304.0000, -14267472412672.0000, 14267453538304.0000, 14267472412672.0000, 14267453538304.0000, 14267472412672.0000
215, 3091, -35974386024448.0000, -35974432161792.0000, -35974386024448.0000, -35974432161792.0000, 35974386024448.0000, 35974432161792.0000, 35974386024448.0000, 35974432161792.0000
216, 3091, -90706018304000.0000, -90706135744512.0000, -90706018304000.0000, -90706135744512.0000, 90706018304000.0000, 90706135744512.0000, 90706018304000.0000, 90706135744512.0000
217, 3091, -228703854395392.0000, -228704156385280.0000, -228703854395392.0000, -228704156385280.0000, 228703854395392.0000, 228704156385280.0000, 228703854395392.0000, 228704156385280.0000
218, 3091, -576646469910528.0000, -576647208108032.0000, -576646469910528.0000, -576647208108032.0000, 576646469910528.0000, 576647208108032.0000, 576646469910528.0000, 576647208108032.0000
219, 3091, -1453936758226944.0000, -1453938503057408.0000, -1453936758226944.0000, -1453938503057408.0000, 1453936758226944.0000, 1453938503057408.0000, 1453936758226944.0000, 1453938503057408.0000
221, 3094, 147.0350, 74.9785, 272.5650, 359.8285, 195.2275, 123.1710, 320.7575, 408.0210
222, 3094, 125.4757, 37.8053, 251.0057, 322.6553, 247.0498, 159.3794, 372.5798, 444.2293
223, 3094, 37.0832, -52.4162, 142.5052, 186.8067, 343.8922, 254.3928, 449.3142, 493.6156
224, 3094, -199.1510, -308.6819, -75.3991, -27.8655, 576.3626, 466.8316, 700.1144, 747.6480
225, 3094, -788.5349, -900.5465, -662.7937, -615.2162, 1167.4349, 1055.4232, 1293.1761, 1340.7535
226, 3094, -2263.0232, -2356.5173, -2157.3459, -2116.7141, 2669.1345, 2575.6399, 2774.8118, 2815.4431
227, 3094, -6013.1772, -6116.3291, -5909.7603, -5881.6553, 6422.9116, 6319.7588, 6526.3286, 6554.4326
228, 3094, -15460.2744, -15566.5635, -15356.6748, -15331.4736, 15895.8818, 15789.5898, 15999.4814, 16024.6797
229, 3094, -39309.2227, -39415.9688, -39205.3945, -39180.3516, 39751.2656, 39644.5195, 39855.0938, 39880.1367
230, 3094, -99449.5703, -99578.8750, -99338.0859, -99325.8906, 99892.5781, 99763.2578, 100004.0625, 100016.2422
240, 3101, 278.4348, 112.3188, 364.5124, 307.6509, 302.4999, 136.3838, 388.5774, 331.7159
241, 3101, 257.4136, 89.3015, 344.1448, 286.1169, 322.9720, 154.8599, 409.7032, 351.6753
250, 3107, 298.3172, 116.9501, 378.4407, 298.7700, 313.8673, 132.5000, 393.9908, 314.3199
251, 3107, 295.0826, 104.3484, 375.0821, 285.8868, 335.9039, 145.1689, 415.9034, 326.7074
252, 3107, 265.5822, 72.6619, 345.5745, 254.1842, 369.9556, 177.0335, 449.9479, 358.5558
253, 3107, 195.5811, -7.2061, 275.5772, 174.3250, 459.8485, 257.0567, 539.8447, 438.5877
254, 3107, -4.3453, -209.3973, 75.6532, -27.8609, 664.4021, 459.3385, 744.4006, 640.8749
255, 3107, -513.2157, -706.2915, -438.5741, -536.9122, 1173.8907, 980.7857, 1248.5323, 1150.1650
256, 3114, 421.4441, 128.7593, 501.5341, 310.5014, 436.9940, 144.3092, 517.0840, 326.0513
260, 3114, 209.2733, -42.8511, 302.3873, 168.4478, 542.6345, 290.5116, 635.7485, 501.8106
261, 3114, -59.5014, -290.0372, 35.3173, -74.8689, 780.1232, 549.5911, 874.9419, 764.7595
262, 3114, -724.6065, -929.8205, -620.9461, -694.5888, 1392.4803, 1187.2761, 1496.1407, 1422.5078
263, 3114, -2361.4084, -2546.7400, -2249.5349, -2292.8733, 2977.2476, 2791.9407, 3089.1211, 3045.8074
264, 3114, -6432.5884, -6600.7466, -6327.6450, -6362.6050, 7028.7432, 6860.6470, 7133.6865, 7098.7886
278, 3126, 118.7113, 43.3161, 175.6094, 172.4326, 333.7462, 258.3522, 390.6443, 387.4687
279, 3127, 163.5302, 110.5394, 215.2526, 227.9092, 378.5677, 325.5755, 430.2901, 442.9453
280, 3127, -23.1644, -64.5858, 38.5728, 75.5094, 518.5261, 477.1011, 580.2633, 617.1964
288, 3135, 214.4485, 193.0271, 270.7198, 320.7206, 238.5137, 217.0925, 294.7850, 344.7859
289, 3135, 208.0631, 176.7598, 265.1163, 306.2281, 273.6219, 242.3190, 330.6751, 371.7874
287, 3133, 177.7960, 216.7830, 241.0180, 360.2471, 201.8610, 240.8484, 265.0830, 384.3124
288, 3133, 159.0316, 196.4974, 232.4341, 363.0630, 224.5900, 262.0566, 297.9925, 428.6222
289, 3133, 117.5402, 137.1063, 191.9931, 306.0553, 286.9969, 306.5650, 361.4498, 475.5141
290, 3133, 1.3201, 16.6965, 81.1170, 197.7729, 431.6827, 447.0644, 511.4796, 628.1408
291, 3133, -308.5594, -303.1341, -233.6830, -133.2235, 780.3888, 785.8274, 855.2651, 955.7380
292, 3133, -1142.0497, -1151.6074, -1048.6324, -939.6216, 1605.5458, 1596.0217, 1698.9630, 1808.0076
293, 3133, -3228.4246, -3253.7419, -3124.5247, -3017.9690, 3700.6890, 3675.4563, 3804.5889, 3911.2292
294, 3133, -8485.2969, -8512.9902, -8380.7441, -8275.7363, 8986.5674, 8959.0879, 9091.1201, 9196.3418
295, 3133, -21767.5254, -21780.3828, -21672.0684, -21563.7656, 22286.1855, 22273.8652, 22381.6426, 22490.4824
306, 3145, 331.1792, 192.9712, 379.8241, 303.3584, 355.2445, 217.0362, 403.8894, 327.4234
300, 3141, 408.0618, 148.9675, 482.3478, 317.5375, 432.1272, 173.0325, 506.4132, 341.6025
301, 3141, 398.3040, 128.2209, 472.5900, 296.7909, 463.8632, 193.7791, 538.1492, 362.3492
302, 3141, 345.4463, 65.6207, 425.1144, 246.4048, 514.9051, 235.0772, 594.5732, 415.8613
303, 3141, 232.1470, -57.7091, 301.1557, 98.8867, 662.5149, 372.6530, 731.5236, 529.2488
304, 3141, -90.2054, -385.1422, -16.5223, -217.9395, 998.7562, 703.8048, 1072.4393, 871.0074
305, 3141, -913.7067, -1214.5278, -845.2737, -1059.2385, 1833.9226, 1533.0648, 1902.3557, 1688.3541
306, 3141, -2998.1028, -3292.5354, -2935.6833, -3150.8923, 3931.0959, 3636.5703, 3993.5154, 3778.2134
309, 3146, 258.5230, 140.5939, 316.6678, 272.5389, 336.0034, 218.0749, 394.1483, 350.0198
310, 3146, 198.1078, 131.3722, 238.4586, 222.9380, 394.3122, 327.5779, 434.6631, 419.1437
303, 3142, 384.8538, 183.2919, 429.0607, 283.6078, 408.9189, 207.3571, 453.1259, 307.6730
304, 3142, 363.9480, 163.1488, 407.9436, 262.9850, 429.5069, 228.7076, 473.5025, 328.5439
305, 3142, 319.3049, 113.0482, 359.6032, 204.4944, 488.7629, 282.5062, 529.0612, 373.9523
306, 3142, 177.2743, -23.2475, 228.5532, 93.1161, 607.6401, 407.1183, 658.9191, 523.4819
307, 3142, -155.8955, -351.1676, -107.4659, -241.2696, 933.0608, 737.7886, 981.4905, 847.6866
308, 3142, -971.8836, -1160.7853, -931.2880, -1068.6647, 1775.7325, 1586.8306, 1816.3280, 1678.9512
309, 3142, -3055.7761, -3261.9878, -3008.5364, -3154.7905, 3873.3892, 3667.1768, 3920.6289, 3774.3740
310, 3142, -8325.0947, -8535.5244, -8277.1279, -8426.6768, 9146.8994, 8936.4688, 9194.8662, 9045.3164
309, 3143, 194.1405, 68.2547, 251.3065, 197.9789, 438.6260, 312.7380, 495.7920, 442.4621
310, 3143, 1.8409, -107.4296, 54.3082, 11.6317, 616.5788, 507.3027, 669.0461, 626.3640
311, 3143, -472.4749, -619.4201, -399.4007, -453.5975, 1079.1165, 932.1572, 1152.1907, 1097.9799
312, 3143, -1644.0457, -1751.5258, -1593.4165, -1636.6364, 2268.9329, 2161.4177, 2319.5623, 2276.3069
309, 3148, 486.7307, 126.7264, 598.4329, 380.2022, 510.7961, 150.7914, 622.4982, 404.2672
310, 3148, 449.3601, 102.5286, 574.3329, 386.1171, 514.9193, 168.0871, 639.8921, 451.6755
311, 3148, 394.3688, 52.3632, 520.3999, 338.3522, 563.8276, 221.8200, 689.8587, 507.8091
312, 3148, 263.8451, -77.5953, 389.6649, 207.9138, 694.2130, 352.7676, 820.0328, 638.2767
313, 3148, -65.0488, -422.6491, 60.5992, -137.5303, 1023.9127, 666.2999, 1149.5607, 951.4186
314, 3148, -909.6889, -1225.1715, -784.1161, -940.2236, 1837.9404, 1522.4260, 1963.5132, 1807.3740
319, 3157, 8.7956, 135.8783, 83.6233, 305.6784, 32.8607, 159.9433, 107.6884, 329.7434
320, 3157, -12.6494, 117.1537, 61.5770, 285.5892, 52.9094, 182.7120, 127.1358, 351.1475
319, 3158, 314.4092, 149.9386, 394.4308, 331.5253, 338.4742, 174.0039, 418.4959, 355.5906
320, 3158, 307.5292, 127.9876, 387.8998, 310.3667, 373.0876, 193.5468, 453.4582, 375.9259
321, 3158, 268.6404, 76.4310, 348.8290, 258.3979, 438.0972, 245.8898, 518.2859, 427.8568
322, 3158, 153.5327, -66.0087, 239.8817, 129.9381, 583.8957, 364.3593, 670.2447, 560.3060
323, 3160, 46.2709, 111.6059, 125.9492, 292.4135, 70.3360, 135.6709, 150.0144, 316.4785
324, 3160, 33.4533, 93.6407, 108.2713, 263.4188, 99.0120, 159.1991, 173.8300, 328.9772
325, 3160, -17.4323, 41.8761, 56.7904, 210.3030, 152.0254, 211.3329, 226.2481, 379.7599
326, 3160, -148.2777, -88.4676, -74.0563, 79.9563, 282.0875, 341.8954, 356.3090, 510.3192
327, 3160, -478.0277, -426.6706, -403.7710, -258.1666, 610.9271, 662.2784, 685.1838, 830.7823
328, 3163, 423.5478, 137.4636, 509.6690, 332.8951, 447.6131, 161.5287, 533.7343, 356.9602
329, 3163, 413.4580, 171.9789, 472.1466, 305.1588, 479.0172, 237.5375, 537.7057, 370.7174
312, 3151, 345.8212, 181.2959, 402.6982, 310.3659, 369.8865, 205.3609, 426.7635, 334.4309
313, 3151, 324.9740, 160.3955, 381.8510, 289.4655, 390.5332, 225.9539, 447.4102, 355.0240
314, 3151, 275.6814, 100.2155, 337.5920, 240.7068, 445.1402, 269.6723, 507.0508, 410.1637
315, 3151, 149.1734, -36.3448, 217.0157, 117.6062, 579.5414, 394.0182, 647.3837, 547.9692
316, 3151, -178.8040, -365.8732, -110.5124, -210.9030, 910.1577, 723.0762, 978.4493, 878.0463
317, 3151, -988.0925, -1190.1189, -925.3542, -1047.7512, 1759.5372, 1557.4797, 1822.2755, 1699.8474
318, 3151, -3074.2087, -3273.0933, -3012.1067, -3132.1694, 3854.9907, 3656.0283, 3917.0928, 3796.9521
319, 3151, -8321.6162, -8542.5420, -8259.4873, -8401.5596, 9150.4639, 8929.3428, 9212.5928, 9070.3252
320, 3151, -21599.0488, -21845.6191, -21531.3809, -21692.0645, 22455.2051, 22208.1406, 22522.8730, 22361.6953
321, 3151, -55090.6641, -55359.2461, -55022.4766, -55204.5039, 55986.7578, 55716.9414, 56054.9453, 55871.6836
322, 3151, -139565.0938, -139863.3125, -139496.9688, -139708.6875, 140503.7188, 140202.3750, 140571.8438, 140357.0000
323, 3151, -352589.5938, -352913.6562, -352515.6562, -352745.8438, 353566.9062, 353234.9688, 353640.8438, 353402.7812
324, 3151, -889736.6875, -890063.1250, -889668.0625, -889907.3750, 890742.3125, 890396.1250, 890810.9375, 890551.8750
325, 3151, -2244097.7500, -2244435.0000, -2244029.7500, -2244280.5000, 2245140.7500, 2244753.5000, 2245208.7500, 2244908.0000
326, 3151, -5658967.5000, -5659294.0000, -5658888.5000, -5659114.0000, 5660043.0000, 5659590.5000, 5660122.0000, 5659770.5000
327, 3151, -14269135.0000, -14269386.0000, -14269049.0000, -14269190.0000, 14270227.0000, 14269658.0000, 14270313.0000, 14269854.0000
328, 3151, -35978524.0000, -35978548.0000, -35978436.0000, -35978348.0000, 35979636.0000, 35978812.0000, 35979724.0000, 35979012.0000
329, 3151, -90715840.0000, -90715248.0000, -90715760.0000, -90715072.0000, 90716968.0000, 90715552.0000, 90717048.0000, 90715728.0000
336, 3166, 552.7472, 92.2095, 647.2094, 306.5703, 576.8125, 116.2746, 671.2747, 330.6354
333, 3164, 420.3575, 117.6359, 515.9945, 334.6619, 444.4227, 141.7010, 540.0597, 358.7271
334, 3164, 408.8816, 82.9484, 512.3161, 317.6680, 474.4405, 148.5070, 577.8750, 383.2266
335, 3164, 360.2914, 20.3275, 472.0156, 273.8556, 529.7495, 189.7848, 641.4736, 443.3130
336, 3164, 230.5334, -102.5405, 335.4092, 135.4472, 660.8993, 327.8239, 765.7751, 565.8115
337, 3164, -84.5670, -453.1443, 26.9451, -200.0992, 1004.3895, 635.8081, 1115.9016, 888.8533
338, 3164, -912.1515, -1296.0764, -787.2494, -1012.6479, 1835.4652, 1451.5300, 1960.3673, 1734.9585
339, 3164, -3002.1194, -3386.9756, -2876.1135, -3101.0430, 3927.0474, 3542.1653, 4053.0532, 3828.0979
340, 3164, -8258.2988, -8657.5869, -8132.4878, -8372.0967, 9213.7002, 8814.3467, 9339.5107, 9099.8369
341, 3164, -21545.6348, -21948.1465, -21419.9902, -21663.0332, 22508.4160, 22105.7363, 22634.0605, 22390.8496
342, 3164, -55056.9961, -55459.2930, -54931.4258, -55174.3477, 56019.9180, 55617.1992, 56145.4883, 55902.1445
343, 3164, -139520.8438, -139954.2344, -139395.3125, -139669.3594, 140546.6719, 140112.2188, 140672.2031, 140397.0938
346, 3172, 41.7624, 112.1515, 116.7379, 282.2873, 65.8276, 136.2166, 140.8031, 306.3524
347, 3172, 36.6710, 111.3975, 105.1030, 266.6848, 102.2298, 176.9561, 170.6618, 332.2434
348, 3172, -3.9957, 55.0997, 63.8067, 208.9584, 165.4622, 224.5570, 233.2646, 378.4157
349, 3172, -122.1771, -61.8571, -59.7495, 79.8046, 308.1885, 368.5070, 370.6161, 510.1687
344, 3170, 208.6499, 154.8372, 248.1025, 244.3643, 232.7150, 178.9022, 272.1676, 268.4294
345, 3170, 182.1293, 139.0874, 222.1886, 229.9911, 247.6880, 204.6458, 287.7473, 295.5495
346, 3170, 122.8419, 85.5832, 166.5312, 184.7246, 292.2995, 255.0402, 335.9889, 354.1815
347, 3170, -8.9480, -44.8053, 35.0405, 55.0148, 421.4169, 385.5579, 465.4053, 485.3780
348, 3170, -332.3788, -374.1861, -288.4460, -274.4926, 756.5753, 714.7634, 800.5080, 814.4570
349, 3170, -1154.7063, -1195.7474, -1114.4287, -1104.3483, 1592.9041, 1551.8517, 1633.1816, 1643.2509
352, 3175, 181.4731, 158.1487, 225.2918, 257.5834, 205.5383, 182.2139, 249.3569, 281.6486
353, 3175, 156.4128, 131.0862, 204.0341, 239.1499, 221.9714, 196.6450, 269.5927, 304.7087
354, 3175, 114.9698, 82.4053, 155.6022, 174.6096, 284.4272, 251.8631, 325.0596, 344.0674
357, 3178, 126.9633, 90.8478, 194.5796, 244.2837, 204.4442, 168.3282, 272.0606, 321.7642
358, 3178, 68.2709, 36.2373, 136.4022, 190.8420, 264.4766, 232.4418, 332.6079, 387.0465
359, 3178, -78.9706, -101.6042, -4.9800, 66.2962, 416.7050, 394.0683, 490.6957, 561.9688
360, 3178, -459.3705, -459.8430, -390.7151, -304.0494, 792.9002, 792.4197, 861.5555, 948.2133
361, 3178, -1413.8542, -1409.2469, -1345.8718, -1254.9801, 1744.6088, 1749.1960, 1812.5912, 1903.4629
362, 3178, -3817.2634, -3820.6846, -3749.2893, -3666.4370, 4147.1187, 4143.6470, 4215.0923, 4297.8940
363, 3178, -9864.1084, -9868.3594, -9801.5557, -9726.4141, 10217.5400, 10213.1631, 10280.0928, 10355.1084
364, 3178, -25140.1152, -25148.0039, -25072.5879, -24994.7695, 25493.4473, 25485.2422, 25560.9746, 25638.4766
365, 3178, -63656.3516, -63664.3086, -63588.2578, -63509.7852, 64009.6406, 64000.8906, 64077.7344, 64155.4141
369, 3178, -1280738.0000, -1280779.0000, -1280670.0000, -1280624.5000, 1281150.5000, 1281093.5000, 1281218.5000, 1281248.0000
370, 3178, -3217959.0000, -3217996.5000, -3217879.5000, -3217816.5000, 3218372.7500, 3218294.5000, 3218452.2500, 3218474.5000
371, 3178, -8111427.5000, -8111438.5000, -8111363.5000, -8111293.5000, 8111878.0000, 8111764.5000, 8111942.0000, 8111909.5000
372, 3178, -20452824.0000, -20452764.0000, -20452756.0000, -20452612.0000, 20453282.0000, 20453084.0000, 20453350.0000, 20453236.0000
373, 3178, -51570264.0000, -51570008.0000, -51570200.0000, -51569864.0000, 51570752.0000, 51570352.0000, 51570816.0000, 51570496.0000
377, 3178, -1034872064.0000, -1034865600.0000, -1034872064.0000, -1034865472.0000, 1034872704.0000, 1034865984.0000, 1034872704.0000, 1034866112.0000
378, 3187, 21.9674, 69.4641, 147.4974, 354.3141, 46.0326, 93.5291, 171.5626, 378.3790
379, 3187, 1.2206, 45.0219, 126.7506, 329.8719, 66.7794, 110.5802, 192.3094, 395.4302
358, 3181, 111.9163, 124.6025, 179.9572, 279.0025, 135.9812, 148.6677, 204.0222, 303.0677
359, 3181, 90.5261, 135.5591, 153.1106, 277.5766, 156.0844, 201.1179, 218.6689, 343.1354
360, 3181, 45.0687, 90.8446, 107.1085, 231.6263, 214.5251, 260.3024, 276.5650, 401.0840
361, 3181, -91.1690, -39.0790, -29.0631, 101.8523, 339.1931, 391.2864, 401.2989, 532.2177
362, 3181, -422.3432, -377.3923, -360.1707, -236.3099, 666.6036, 711.5628, 728.7761, 852.6452
366, 3181, -10815.3496, -10777.3867, -10747.7344, -10623.9531, 11064.5586, 11102.6895, 11132.1738, 11256.1230
367, 3181, -27347.2520, -27329.2812, -27284.5684, -27187.0391, 27623.1191, 27641.5156, 27685.8027, 27783.7578
368, 3181, -69118.1875, -69132.9141, -69050.5781, -68979.4922, 69439.6328, 69425.9766, 69507.2422, 69579.3984
369, 3181, -174514.2500, -174549.2344, -174434.8438, -174369.0469, 174853.0781, 174820.7812, 174932.4844, 175000.9688
370, 3181, -440271.3438, -440297.9688, -440202.0938, -440140.7812, 440627.0938, 440607.2500, 440696.3438, 440764.4375
371, 3181, -1110357.2500, -1110382.6250, -1110294.7500, -1110240.8750, 1110719.0000, 1110710.6250, 1110781.5000, 1110852.3750
372, 3181, -2799889.2500, -2799937.5000, -2799821.7500, -2799784.5000, 2800260.5000, 2800255.5000, 2800328.0000, 2800408.5000
373, 3181, -7059817.0000, -7059904.0000, -7059754.0000, -7059762.0000, 7060210.5000, 7060232.0000, 7060273.5000, 7060374.0000
374, 3181, -17800668.0000, -17800838.0000, -17800604.0000, -17800698.0000, 17801082.0000, 17801186.0000, 17801146.0000, 17801326.0000
375, 3181, -44882292.0000, -44882680.0000, -44882236.0000, -44882552.0000, 44882732.0000, 44883036.0000, 44882788.0000, 44883164.0000
376, 3181, -113164992.0000, -113165920.0000, -113164928.0000, -113165776.0000, 113165424.0000, 113166248.0000, 113165488.0000, 113166392.0000
377, 3181, -285330592.0000, -285332864.0000, -285330528.0000, -285332736.0000, 285331040.0000, 285333216.0000, 285331104.0000, 285333344.0000
379, 3188, 436.4601, 178.9980, 476.7728, 270.4762, 460.5252, 203.0632, 500.8378, 294.5414
383, 3188, 172.4844, -70.4270, 209.4572, 13.4721, 720.6453, 477.7370, 757.6180, 561.6362
387, 3188, -5049.7832, -5286.4355, -5009.6992, -5195.4766, 5906.1113, 5669.5225, 5946.1953, 5760.4814
388, 3188, -13338.8311, -13570.5117, -13298.7764, -13479.6172, 14185.2861, 13953.7656, 14225.3408, 14044.6602
390, 3191, 496.1371, 117.4833, 600.3615, 353.9937, 520.2025, 141.5484, 624.4268, 378.0588
391, 3191, 475.3255, 96.9965, 579.4153, 333.2011, 540.8848, 162.5553, 644.9745, 398.7598
392, 3191, 423.3204, 31.9976, 527.3528, 268.0717, 592.7793, 201.4553, 696.8116, 437.5294
393, 3191, 284.1170, -101.6246, 408.4639, 180.5458, 714.4851, 328.7405, 838.8319, 610.9109
394, 3191, -45.6883, -443.3787, 80.4221, -157.2080, 1043.2736, 645.5758, 1169.3839, 931.7465
395, 3191, -874.8845, -1275.9150, -748.9869, -990.2280, 1872.7456, 1471.6964, 1998.6433, 1757.3834
386, 3190, 216.5437, 145.3092, 284.2589, 298.9693, 240.6087, 169.3742, 308.3239, 323.0343
387, 3190, 193.8084, 129.9028, 256.5743, 272.3318, 259.3668, 195.4610, 322.1327, 337.8901
391, 3190, -479.3578, -526.5566, -411.6616, -372.9396, 894.8895, 847.6880, 962.5856, 1001.3051
392, 3190, -1519.7042, -1563.7273, -1456.9442, -1421.3118, 1934.5262, 1890.4968, 1997.2863, 2032.9124
393, 3190, -4156.0005, -4196.0962, -4088.3572, -4042.5994, 4551.9028, 4511.7915, 4619.5464, 4665.2886
394, 3190, -10782.5508, -10821.1289, -10714.4062, -10666.4961, 11174.8164, 11136.1992, 11242.9609, 11290.8320
395, 3190, -27485.8633, -27524.2695, -27417.7461, -27369.6953, 27878.2871, 27839.7832, 27946.4043, 27994.3574
396, 3190, -69609.6250, -69639.1172, -69541.5469, -69484.6484, 69984.6562, 69954.9375, 70052.7344, 70109.4062
397, 3190, -175797.1094, -175813.0625, -175734.5156, -175671.0000, 176173.3594, 176156.8125, 176235.9531, 176298.8750
398, 3190, -443527.8438, -443548.1875, -443465.7812, -443407.3750, 443919.2188, 443897.3750, 443981.2812, 444038.1875
399, 3190, -1118591.5000, -1118612.8750, -1118529.5000, -1118471.8750, 1118987.5000, 1118962.3750, 1119049.5000, 1119103.3750
400, 3190, -2820680.2500, -2820712.0000, -2820612.7500, -2820558.5000, 2821074.7500, 2821033.2500, 2821142.2500, 2821186.7500
401, 3190, -7112257.0000, -7112284.5000, -7112189.0000, -7112129.5000, 7112668.5000, 7112616.5000, 7112736.5000, 7112771.5000
428, 3203, 380.9724, 45.7754, 506.5619, 330.7610, 458.4525, 123.2565, 584.0419, 408.2421
429, 3203, 289.8541, -3.5512, 415.4032, 281.3428, 486.0575, 192.6549, 611.6067, 477.5489
430, 3203, 116.7634, -133.6078, 242.2995, 151.2566, 612.4333, 362.0687, 737.9695, 646.9331
431, 3203, -258.9612, -455.3113, -169.4701, -252.2379, 993.2950, 796.9614, 1082.7860, 1000.0349
432, 3203, -1222.7666, -1400.3982, -1137.5098, -1206.9316, 1935.6597, 1758.0699, 2020.9165, 1951.5365
404, 3195, 177.1617, 154.0197, 238.7063, 293.6786, 201.2268, 178.0847, 262.7714, 317.7436
405, 3195, 156.2499, 131.3726, 218.3990, 272.4028, 221.8083, 196.9309, 283.9574, 337.9612
406, 3195, 104.2899, 79.0955, 166.5140, 220.2956, 273.7467, 248.5521, 335.9708, 389.7523
410, 3195, -1535.5465, -1570.6632, -1472.7841, -1428.2418, 1912.9669, 1877.8472, 1975.7294, 2020.2686
411, 3195, -4151.7622, -4177.7866, -4089.6086, -4036.7466, 4513.3687, 4487.3369, 4575.5220, 4628.3770
412, 3195, -10749.8701, -10758.6680, -10687.7178, -10617.6289, 11092.2637, 11083.4463, 11154.4160, 11224.4854
413, 3195, -27368.1973, -27380.1309, -27306.0059, -27239.0098, 27706.1504, 27694.1660, 27768.3418, 27835.2871
414, 3195, -69260.9297, -69266.8828, -69203.7266, -69137.0859, 69604.5078, 69598.4297, 69661.7109, 69728.2266
415, 3195, -174897.2188, -174910.1562, -174835.4688, -174770.0312, 175236.7031, 175223.4375, 175298.4531, 175363.5625
416, 3195, -441246.9375, -441253.1875, -441184.6875, -441111.8750, 441570.0000, 441562.9375, 441632.2500, 441704.2500
417, 3195, -1112793.0000, -1112789.3750, -1112730.7500, -1112648.1250, 1113112.0000, 1113113.6250, 1113174.2500, 1113254.8750
418, 3195, -2805997.2500, -2805990.5000, -2805940.2500, -2805860.5000, 2806323.5000, 2806325.0000, 2806380.5000, 2806455.0000
419, 3195, -7075199.0000, -7075182.0000, -7075142.0000, -7075053.0000, 7075513.0000, 7075516.5000, 7075570.0000, 7075645.5000
420, 3195, -17839402.0000, -17839374.0000, -17839346.0000, -17839246.0000, 17839714.0000, 17839710.0000, 17839770.0000, 17839838.0000
421, 3195, -44979896.0000, -44979836.0000, -44979840.0000, -44979708.0000, 44980192.0000, 44980168.0000, 44980248.0000, 44980296.0000
422, 3195, -113410976.0000, -113410848.0000, -113410912.0000, -113410720.0000, 113411264.0000, 113411184.0000, 113411328.0000, 113411312.0000
423, 3195, -285950752.0000, -285950464.0000, -285950688.0000, -285950336.0000, 285951008.0000, 285950784.0000, 285951072.0000, 285950912.0000
424, 3195, -720986496.0000, -720985792.0000, -720986496.0000, -720985664.0000, 720986816.0000, 720986176.0000, 720986816.0000, 720986304.0000
425, 3195, -1817870592.0000, -1817868928.0000, -1817870592.0000, -1817868672.0000, 1817870848.0000, 1817869184.0000, 1817870848.0000, 1817869440.0000
426, 3195, -4583516160.0000, -4583512064.0000, -4583516160.0000, -4583512064.0000, 4583516160.0000, 4583512576.0000, 4583516160.0000, 4583512576.0000
427, 3195, -11556718592.0000, -11556708352.0000, -11556718592.0000, -11556708352.0000, 11556718592.0000, 11556708352.0000, 11556718592.0000, 11556708352.0000
428, 3195, -29138710528.0000, -29138683904.0000, -29138710528.0000, -29138683904.0000, 29138710528.0000, 29138683904.0000, 29138710528.0000, 29138683904.0000
429, 3195, -73469337600.0000, -73469272064.0000, -73469337600.0000, -73469272064.0000, 73469337600.0000, 73469272064.0000, 73469337600.0000, 73469272064.0000
430, 3195, -185243041792.0000, -185242877952.0000, -185243041792.0000, -185242877952.0000, 185243041792.0000, 185242877952.0000, 185243041792.0000, 185242877952.0000
431, 3195, -467065405440.0000, -467064979456.0000, -467065405440.0000, -467064979456.0000, 467065405440.0000, 467064979456.0000, 467065405440.0000, 467064979456.0000
432, 3195, -1177642598400.0000, -1177641418752.0000, -1177642598400.0000, -1177641418752.0000, 1177642598400.0000, 1177641418752.0000, 1177642598400.0000, 1177641418752.0000
434, 3206, 303.1996, 154.2696, 393.7740, 359.8044, 327.2649, 178.3348, 417.8392, 383.8696
435, 3206, 267.1439, 137.0774, 360.5428, 349.0235, 332.7027, 202.6362, 426.1017, 414.5822
422, 3201, 268.6147, 181.7499, 297.0178, 246.2035, 292.6799, 205.8150, 321.0829, 270.2686
423, 3201, 237.5287, 158.3068, 268.1290, 227.7461, 303.0875, 223.8656, 333.6877, 293.3049
424, 3201, 177.4148, 101.6221, 210.8208, 177.4284, 346.8725, 271.0799, 380.2785, 346.8862
425, 3201, 44.1157, -29.1145, 75.2371, 41.5073, 474.4808, 401.2509, 505.6021, 471.8728
426, 3201, -289.6137, -358.7480, -258.7863, -288.7934, 799.3407, 730.2074, 830.1681, 800.1620
427, 3201, -1127.2532, -1196.6545, -1093.8862, -1120.9368, 1620.3582, 1550.9592, 1653.7251, 1626.6770
428, 3201, -3223.5525, -3284.6638, -3192.4661, -3214.1213, 3705.6008, 3644.4956, 3736.6873, 3715.0381
429, 3201, -8500.1797, -8555.3887, -8469.3672, -8485.4688, 8971.7852, 8916.5918, 9002.5977, 8986.5117
430, 3201, -21800.2637, -21846.1504, -21769.4473, -21776.2246, 22253.7012, 22207.8496, 22284.5176, 22277.7754
431, 3201, -55313.5547, -55357.4414, -55282.7188, -55287.4727, 55763.1445, 55719.3438, 55793.9805, 55789.3125
432, 3201, -139811.8125, -139856.7188, -139780.9688, -139786.7188, 140255.1562, 140210.4688, 140286.0000, 140280.4688
433, 3201, -352860.5625, -352900.7500, -352827.1875, -352825.0000, 353291.2500, 353251.6250, 353324.6250, 353327.3750
434, 3201, -890017.5000, -890051.3750, -889988.7500, -889986.1250, 890449.7500, 890417.2500, 890478.5000, 890482.5000
435, 3201, -2244392.2500, -2244424.7500, -2244361.7500, -2244355.2500, 2244816.7500, 2244787.5000, 2244847.2500, 2244857.0000
436, 3201, -5659261.0000, -5659295.0000, -5659230.0000, -5659225.0000, 5659675.5000, 5659649.0000, 5659706.5000, 5659719.0000
437, 3201, -14269384.0000, -14269421.0000, -14269354.0000, -14269351.0000, 14269791.0000, 14269773.0000, 14269821.0000, 14269843.0000
382, 3189, 271.5629, 150.2251, 339.6039, 304.6251, 287.1126, 165.7749, 355.1536, 320.1749
383, 3189, 261.1987, 145.8840, 329.2397, 300.2840, 302.0189, 186.7043, 370.0599, 341.1043
384, 3189, 220.9696, 100.6164, 294.8943, 268.3673, 325.3404, 204.9875, 399.2650, 372.7383
385, 3189, 148.8115, 17.8454, 223.2733, 186.8149, 413.0721, 282.1068, 487.5339, 451.0763
386, 3189, -51.1256, -184.7861, 23.2719, -15.9624, 617.6049, 483.9461, 692.0024, 652.7698
387, 3189, -569.8430, -693.8400, -495.5105, -525.1642, 1117.2209, 993.2283, 1191.5535, 1161.9041
388, 3189, -1856.3444, -1977.3599, -1782.0414, -1808.7510, 2398.0476, 2277.0430, 2472.3508, 2445.6519
389, 3189, -5093.2803, -5213.7686, -5018.9883, -5045.1846, 5634.0962, 5513.6348, 5708.3882, 5682.2188
390, 3189, -13257.6758, -13352.7939, -13194.6602, -13209.7998, 13790.3262, 13695.2744, 13853.3418, 13838.2686
391, 3189, -33839.0938, -33938.2578, -33771.7500, -33785.4375, 34359.0664, 34260.0703, 34426.4102, 34412.8906
392, 3189, -85716.6250, -85810.2031, -85659.0938, -85679.6406, 86237.6875, 86144.5312, 86295.2188, 86275.0938
393, 3189, -216538.5625, -216622.5625, -216471.4375, -216470.2500, 217021.6250, 216938.6719, 217088.7500, 217090.9844
394, 3189, -546338.3125, -546420.0625, -546275.5625, -546277.6875, 546825.6250, 546746.5625, 546888.3750, 546888.9375
395, 3189, -1377886.1250, -1377978.1250, -1377818.3750, -1377824.6250, 1378379.8750, 1378294.7500, 1378447.6250, 1378448.2500
396, 3189, -3474532.2500, -3474611.5000, -3474474.7500, -3474480.5000, 3475021.2500, 3474959.5000, 3475078.7500, 3475090.5000
397, 3189, -8760943.0000, -8761036.0000, -8760875.0000, -8760884.0000, 8761420.0000, 8761372.0000, 8761488.0000, 8761524.0000
398, 3189, -22089896.0000, -22090014.0000, -22089840.0000, -22089882.0000, 22090384.0000, 22090382.0000, 22090440.0000, 22090514.0000
399, 3189, -55697072.0000, -55697296.0000, -55697008.0000, -55697152.0000, 55697560.0000, 55697628.0000, 55697624.0000, 55697772.0000
400, 3189, -140433056.0000, -140433504.0000, -140432992.0000, -140433344.0000, 140433536.0000, 140433808.0000, 140433600.0000, 140433968.0000
401, 3189, -354083424.0000, -354084384.0000, -354083360.0000, -354084256.0000, 354083872.0000, 354084736.0000, 354083936.0000, 354084864.0000
402, 3189, -892774016.0000, -892776384.0000, -892773888.0000, -892776256.0000, 892774400.0000, 892776704.0000, 892774528.0000, 892776832.0000
403, 3189, -2251009536.0000, -2251015680.0000, -2251009536.0000, -2251015680.0000, 2251010048.0000, 2251016192.0000, 2251010048.0000, 2251016192.0000
404, 3189, -5675618304.0000, -5675633664.0000, -5675618304.0000, -5675633664.0000, 5675618304.0000, 5675633664.0000, 5675618304.0000, 5675633664.0000
405, 3189, -14310307840.0000, -14310345728.0000, -14310307840.0000, -14310345728.0000, 14310307840.0000, 14310345728.0000, 14310307840.0000, 14310345728.0000
406, 3189, -36081516544.0000, -36081610752.0000, -36081516544.0000, -36081610752.0000, 36081516544.0000, 36081610752.0000, 36081516544.0000, 36081610752.0000
407, 3189, -90974683136.0000, -90974928896.0000, -90974683136.0000, -90974928896.0000, 90974683136.0000, 90974928896.0000, 90974683136.0000, 90974928896.0000
408, 3189, -229380423680.0000, -229381029888.0000, -229380423680.0000, -229381029888.0000, 229380423680.0000, 229381029888.0000, 229380423680.0000, 229381029888.0000
409, 3189, -578351857664.0000, -578353430528.0000, -578351857664.0000, -578353430528.0000, 578351857664.0000, 578353430528.0000, 578351857664.0000, 578353430528.0000
410, 3189, -1458236293120.0000, -1458240356352.0000, -1458236293120.0000, -1458240356352.0000, 1458236293120.0000, 1458240356352.0000, 1458236293120.0000, 1458240356352.0000
411, 3189, -3676746809344.0000, -3676756770816.0000, -3676746809344.0000, -3676756770816.0000, 3676746809344.0000, 3676756770816.0000, 3676746809344.0000, 3676756770816.0000
412, 3189, -9270421618688.0000, -9270446784512.0000, -9270421618688.0000, -9270446784512.0000, 9270421618688.0000, 9270446784512.0000, 9270421618688.0000, 9270446784512.0000
413, 3189, -23374120091648.0000, -23374183006208.0000, -23374120091648.0000, -23374183006208.0000, 23374120091648.0000, 23374183006208.0000, 23374120091648.0000, 23374183006208.0000
414, 3189, -58934693986304.0000, -58934857564160.0000, -58934693986304.0000, -58934857564160.0000, 58934693986304.0000, 58934857564160.0000, 58934693986304.0000, 58934857564160.0000
415, 3189, -148595902775296.0000, -148596305428480.0000, -148595902775296.0000, -148596305428480.0000, 148595902775296.0000, 148596305428480.0000, 148595902775296.0000, 148596305428480.0000
416, 3189, -374664559853568.0000, -374665566486528.0000, -374664559853568.0000, -374665566486528.0000, 374664559853568.0000, 374665566486528.0000, 374664559853568.0000, 374665566486528.0000
417, 3189, -944666245595136.0000, -944668795731968.0000, -944666245595136.0000, -944668795731968.0000, 944666245595136.0000, 944668795731968.0000, 944666245595136.0000, 944668795731968.0000
418, 3189, -2381849007489024.0000, -2381855181504512.0000, -2381849007489024.0000, -2381855181504512.0000, 2381849007489024.0000, 2381855181504512.0000, 2381849007489024.0000, 2381855181504512.0000
419, 3189, -6005511036076032.0000, -6005527142203392.0000, -6005511036076032.0000, -6005527142203392.0000, 6005511036076032.0000, 6005527142203392.0000, 6005511036076032.0000, 6005527142203392.0000
420, 3189, -15142087590674432.0000, -15142128392863744.0000, -15142087590674432.0000, -15142128392863744.0000, 15142087590674432.0000, 15142128392863744.0000, 15142087590674432.0000, 15142128392863744.0000
421, 3189, -38178737388257280.0000, -38178840467472384.0000, -38178737388257280.0000, -38178840467472384.0000, 38178737388257280.0000, 38178840467472384.0000, 38178737388257280.0000, 38178840467472384.0000
422, 3189, -96262552249434112.0000, -96262801357537280.0000, -96262552249434112.0000, -96262801357537280.0000, 96262552249434112.0000, 96262801357537280.0000, 96262552249434112.0000, 96262801357537280.0000
423, 3189, -242713068662947840.0000, -242713687138238464.0000, -242713068662947840.0000, -242713687138238464.0000, 242713068662947840.0000, 242713687138238464.0000, 242713068662947840.0000, 242713687138238464.0000
424, 3189, -611968312091344896.0000, -611969892639309824.0000, -611968312091344896.0000, -611969892639309824.0000, 611968312091344896.0000, 611969892639309824.0000, 611968312091344896.0000, 611969892639309824.0000
425, 3189, -1542995657109798912.0000, -1542999642839449600.0000, -1542995657109798912.0000, -1542999642839449600.0000, 1542995657109798912.0000, 1542999642839449600.0000, 1542995657109798912.0000, 1542999642839449600.0000
426, 3189, -3890455868629581824.0000, -3890465764234231808.0000, -3890455868629581824.0000, -3890465764234231808.0000, 3890455868629581824.0000, 3890465764234231808.0000, 3890455868629581824.0000, 3890465764234231808.0000
427, 3189, -9809260001854750720.0000, -9809285290622189568.0000, -9809260001854750720.0000, -9809285290622189568.0000, 9809260001854750720.0000, 9809285290622189568.0000, 9809260001854750720.0000, 9809285290622189568.0000
428, 3189, -24732729015518887936.0000, -24732792787193298944.0000, -24732729015518887936.0000, -24732792787193298944.0000, 24732729015518887936.0000, 24732792787193298944.0000, 24732729015518887936.0000, 24732792787193298944.0000
429, 3189, -62360244528571482112.0000, -62360407256292392960.0000, -62360244528571482112.0000, -62360407256292392960.0000, 62360244528571482112.0000, 62360407256292392960.0000, 62360244528571482112.0000, 62360407256292392960.0000
430, 3189, -157232977521735106560.0000, -157233364549828083712.0000, -157232977521735106560.0000, -157233364549828083712.0000, 157232977521735106560.0000, 157233364549828083712.0000, 157232977521735106560.0000, 157233364549828083712.0000
431, 3189, -396441777282635268096.0000, -396442727260681666560.0000, -396441777282635268096.0000, -396442727260681666560.0000, 396441777282635268096.0000, 396442727260681666560.0000, 396441777282635268096.0000, 396442727260681666560.0000
432, 3189, -999574500244835008512.0000, -999576963150881226752.0000, -999574500244835008512.0000, -999576963150881226752.0000, 999574500244835008512.0000, 999576963150881226752.0000, 999574500244835008512.0000, 999576963150881226752.0000
433, 3189, -2520292601520055123968.0000, -2520298793969542758400.0000, -2520292601520055123968.0000, -2520298793969542758400.0000, 2520292601520055123968.0000, 2520298793969542758400.0000, 2520292601520055123968.0000, 2520298793969542758400.0000
434, 3189, -6354578511269816434688.0000, -6354594273868512231424.0000, -6354578511269816434688.0000, -6354594273868512231424.0000, 6354578511269816434688.0000, 6354594273868512231424.0000, 6354578511269816434688.0000, 6354594273868512231424.0000
435, 3189, -16022214325816042455040.0000, -16022253732312781946880.0000, -16022214325816042455040.0000, -16022253732312781946880.0000, 16022214325816042455040.0000, 16022253732312781946880.0000, 16022214325816042455040.0000, 16022253732312781946880.0000
436, 3189, -40397856111066397802496.0000, -40397955190258199953408.0000, -40397856111066397802496.0000, -40397955190258199953408.0000, 40397856111066397802496.0000, 40397955190258199953408.0000, 40397856111066397802496.0000, 40397955190258199953408.0000
437, 3189, -101857759649851177435136.0000, -101858002844231055441920.0000, -101857759649851177435136.0000, -101858002844231055441920.0000, 101857759649851177435136.0000, 101858002844231055441920.0000, 101857759649851177435136.0000, 101858002844231055441920.0000
438, 3189, -256820615025767032553472.0000, -256821263544113373904896.0000, -256820615025767032553472.0000, -256821263544113373904896.0000, 256820615025767032553472.0000, 256821263544113373904896.0000, 256820615025767032553472.0000, 256821263544113373904896.0000
439, 3189, -647538579235217717854208.0000, -647540236559880590196736.0000, -647538579235217717854208.0000, -647540236559880590196736.0000, 647538579235217717854208.0000, 647540236559880590196736.0000, 647538579235217717854208.0000, 647540236559880590196736.0000
451, 3217, 200.1437, 168.8940, 231.0509, 239.0297, 224.2089, 192.9591, 255.1161, 263.0948
442, 3208, 509.8739, 74.0964, 635.4039, 358.9464, 525.4242, 89.6461, 650.9542, 374.4961
446, 3208, 307.7448, -59.0949, 431.1527, 220.9438, 641.1145, 274.2644, 764.5225, 554.3032
447, 3208, 43.4991, -280.1775, 149.5829, -39.4503, 883.1451, 559.4423, 989.2289, 800.1695
448, 3208, -599.4631, -912.4189, -495.6646, -676.8771, 1517.6777, 1204.6560, 1621.4763, 1440.1978
452, 3208, -20764.9336, -21132.5801, -20639.1523, -20847.1543, 21727.6172, 21358.6465, 21853.3984, 21644.0723
453, 3208, -52897.0586, -53274.6094, -52771.4258, -52989.5234, 53858.7500, 53477.8711, 53984.3828, 53762.9570
454, 3208, -134063.8906, -134442.0312, -133938.3281, -134157.0938, 135024.6875, 134638.1562, 135150.2500, 134923.0938
448, 3214, 127.0947, 151.1846, 175.4741, 260.9686, 151.1598, 175.2496, 199.5393, 285.0336
449, 3214, 108.4600, 128.1961, 160.2188, 245.6487, 174.0188, 193.7545, 225.7776, 311.2071
450, 3214, 66.6653, 78.4441, 114.9096, 187.9215, 236.1231, 247.9008, 284.3674, 357.3782
451, 3214, -57.6283, -54.3053, -5.9238, 63.0240, 372.7371, 376.0574, 424.4416, 493.3867
452, 3214, -378.8742, -383.5261, -326.8068, -265.3733, 710.0811, 705.4224, 762.1485, 823.5752
453, 3214, -1198.9447, -1210.5797, -1150.7379, -1101.1879, 1548.6691, 1537.0165, 1596.8759, 1646.4083
454, 3214, -3282.7100, -3303.6985, -3231.0420, -3186.4524, 3646.4495, 3625.4165, 3698.1174, 3742.6626
455, 3214, -8540.0674, -8572.8350, -8491.8623, -8463.4463, 8931.9131, 8899.0332, 8980.1182, 9008.4219
456, 3214, -21827.7285, -21866.0215, -21776.0371, -21748.7207, 22226.2734, 22187.6973, 22277.9648, 22304.9980
453, 3219, 354.9178, 204.1723, 395.1710, 295.5160, 378.9829, 228.2373, 419.2361, 319.5810
454, 3219, 331.5544, 188.4544, 371.6291, 279.3929, 397.1131, 254.0128, 437.1878, 344.9513
455, 3219, 283.1378, 137.6897, 323.1607, 228.5108, 452.5954, 307.1465, 492.6183, 397.9676
456, 3219, 163.2319, 7.2691, 203.2392, 98.0546, 593.5968, 437.6321, 633.6040, 528.4175
457, 3219, -162.1040, -321.0916, -118.4704, -222.0769, 926.8498, 767.8575, 970.4835, 866.8721
460, 3222, 469.5282, 108.8613, 593.9884, 391.2835, 493.5934, 132.9265, 618.0536, 415.3487
461, 3222, 457.3384, 124.1560, 563.0597, 364.0579, 522.8972, 189.7149, 628.6185, 429.6168
450, 3216, 47.7024, 254.1718, 134.5290, 451.2040, 71.7675, 278.2369, 158.5942, 475.2690
451, 3216, 43.6246, 236.0184, 130.3555, 432.8334, 109.1834, 301.5768, 195.9143, 498.3918
452, 3216, 10.0587, 188.3528, 90.5006, 370.8961, 179.5165, 357.8097, 259.9584, 540.3530
453, 3216, -106.6812, 47.5899, -26.8774, 228.6850, 323.6841, 477.9528, 403.4879, 659.0480
454, 3216, -433.7945, -284.8214, -353.9215, -103.5694, 655.1605, 804.1277, 735.0334, 985.3796
455, 3216, -1256.8766, -1130.2700, -1170.6459, -934.5903, 1490.7360, 1617.3279, 1576.9667, 1813.0076
456, 3216, -3338.3999, -3219.0496, -3244.1533, -3005.1790, 3590.7566, 3710.0696, 3685.0032, 3923.9402
457, 3216, -8593.7578, -8470.9326, -8506.2422, -8272.3389, 8878.2139, 9000.9453, 8965.7295, 9199.5391
458, 3216, -21881.9102, -21757.8887, -21795.2852, -21561.3105, 22172.0703, 22295.8555, 22258.6953, 22492.4336
459, 3216, -55382.2109, -55268.9180, -55295.6172, -55072.4102, 55694.5312, 55807.2227, 55781.1250, 56003.7305
460, 3216, -139876.3594, -139780.7969, -139782.2969, -139567.3594, 140190.7344, 140284.7812, 140284.7969, 140498.2188
461, 3216, -352918.7812, -352825.5000, -352824.0312, -352610.5000, 353233.3438, 353322.8125, 353328.0938, 353537.8125
462, 3216, -890064.8125, -889980.9375, -889970.1875, -889766.0625, 890403.1875, 890477.5000, 890497.8125, 890692.3750
463, 3216, -2244433.2500, -2244332.2500, -2244338.7500, -2244117.7500, 2244777.5000, 2244854.2500, 2244872.0000, 2245068.7500
464, 3216, -5659298.5000, -5659175.5000, -5659203.5000, -5658960.5000, 5659642.5000, 5659704.0000, 5659737.5000, 5659919.0000
465, 3216, -14269411.0000, -14269235.0000, -14269323.0000, -14269037.0000, 14269774.0000, 14269797.0000, 14269862.0000, 14269995.0000
466, 3216, -35978684.0000, -35978400.0000, -35978588.0000, -35978184.0000, 35979032.0000, 35978932.0000, 35979128.0000, 35979148.0000
467, 3216, -90715656.0000, -90715088.0000, -90715576.0000, -90714896.0000, 90716040.0000, 90715632.0000, 90716120.0000, 90715824.0000
468, 3216, -228727632.0000, -228726320.0000, -228727536.0000, -228726096.0000, 228727984.0000, 228726832.0000, 228728080.0000, 228727056.0000
469, 3216, -576706176.0000, -576703040.0000, -576706048.0000, -576702784.0000, 576706560.0000, 576703488.0000, 576706688.0000, 576703744.0000
470, 3227, 394.8167, 214.4898, 442.6700, 323.0803, 410.3665, 230.0397, 458.2199, 338.6302
471, 3227, 383.9478, 203.9650, 428.2605, 304.5208, 424.7683, 244.7857, 469.0811, 345.3416
487, 3237, 372.2270, 207.7998, 457.4109, 401.1019, 396.2924, 231.8651, 481.4762, 425.1672
444, 3211, 233.0699, 66.9675, 358.5999, 351.8175, 257.1352, 91.0325, 382.6652, 375.8825
445, 3211, 212.5458, 46.2209, 338.0758, 331.0709, 278.1049, 111.7791, 403.6349, 396.6291
446, 3211, 161.3134, -5.7282, 286.8434, 279.1218, 330.7722, 163.7282, 456.3021, 448.5782
447, 3211, 15.7670, -136.1809, 141.2970, 148.6691, 446.1346, 294.1809, 571.6646, 579.0309
448, 3211, -317.4617, -465.4731, -191.9317, -180.6231, 771.4993, 623.4731, 897.0293, 908.3231
449, 3211, -1147.0815, -1279.1802, -1021.5515, -994.3301, 1600.5464, 1468.4104, 1726.0764, 1753.2605
450, 3211, -3237.3811, -3365.7249, -3111.8513, -3080.8748, 3691.8142, 3563.3762, 3817.3440, 3848.2263
451, 3211, -8508.4014, -8636.6885, -8382.8721, -8351.8389, 8963.6689, 8835.1436, 9089.1982, 9119.9932
452, 3211, -21799.2539, -21928.0352, -21673.7227, -21643.1836, 22254.9766, 22125.5938, 22380.5078, 22410.4453
453, 3211, -55310.7227, -55455.1680, -55185.1914, -55170.3164, 55766.6445, 55620.6836, 55892.1758, 55905.5352
454, 3211, -139790.7188, -139938.4844, -139665.1875, -139653.6406, 140277.9375, 140126.3594, 140403.4688, 140411.2031
455, 3211, -352830.1875, -352975.6250, -352704.6875, -352690.7500, 353325.8750, 353170.8750, 353451.3750, 353455.7500
456, 3211, -889990.7500, -890128.4375, -889865.2500, -889843.5625, 890487.2500, 890325.3750, 890612.7500, 890610.2500
457, 3211, -2244353.7500, -2244505.0000, -2244228.2500, -2244220.0000, 2244882.2500, 2244670.2500, 2245007.7500, 2244955.2500
458, 3211, -5659234.5000, -5659347.0000, -5659108.5000, -5659062.0000, 5659770.5000, 5659503.5000, 5659896.5000, 5659788.5000
459, 3211, -14269385.0000, -14269392.0000, -14269273.0000, -14269136.0000, 14269962.0000, 14269566.0000, 14270074.0000, 14269822.0000
460, 3211, -35978768.0000, -35978488.0000, -35978656.0000, -35978232.0000, 35979352.0000, 35978656.0000, 35979464.0000, 35978912.0000
461, 3211, -90716064.0000, -90715048.0000, -90715936.0000, -90714760.0000, 90716640.0000, 90715200.0000, 90716768.0000, 90715488.0000
462, 3211, -228728784.0000, -228725888.0000, -228728656.0000, -228725600.0000, 228729360.0000, 228726048.0000, 228729488.0000, 228726336.0000
463, 3211, -576709312.0000, -576701568.0000, -576709184.0000, -576701312.0000, 576709888.0000, 576701824.0000, 576710016.0000, 576702080.0000
464, 3211, -1454095232.0000, -1454075520.0000, -1454095232.0000, -1454075264.0000, 1454095872.0000, 1454075776.0000, 1454095872.0000, 1454076032.0000
465, 3211, -3666306048.0000, -3666256128.0000, -3666306048.0000, -3666255616.0000, 3666306560.0000, 3666256128.0000, 3666306560.0000, 3666256640.0000
466, 3211, -9244097536.0000, -9243971584.0000, -9244097536.0000, -9243971584.0000, 9244098560.0000, 9243971584.0000, 9244098560.0000, 9243971584.0000
467, 3211, -23307747328.0000, -23307427840.0000, -23307747328.0000, -23307427840.0000, 23307749376.0000, 23307427840.0000, 23307749376.0000, 23307427840.0000
468, 3211, -58767351808.0000, -58766540800.0000, -58767351808.0000, -58766540800.0000, 58767351808.0000, 58766540800.0000, 58767351808.0000, 58766540800.0000
469, 3211, -148173963264.0000, -148171915264.0000, -148173963264.0000, -148171915264.0000, 148173963264.0000, 148171915264.0000, 148173963264.0000, 148171915264.0000
473, 3211, -2973407117312.0000, -2973365960704.0000, -2973407117312.0000, -2973365960704.0000, 2973407117312.0000, 2973365960704.0000, 2973407117312.0000, 2973365960704.0000
474, 3211, -7470205370368.0000, -7470102085632.0000, -7470205370368.0000, -7470102085632.0000, 7470205370368.0000, 7470102085632.0000, 7470205370368.0000, 7470102085632.0000
475, 3211, -18829270843392.0000, -18829008699392.0000, -18829270843392.0000, -18829008699392.0000, 18829270843392.0000, 18829008699392.0000, 18829270843392.0000, 18829008699392.0000
476, 3211, -47476895645696.0000, -47476232945664.0000, -47476895645696.0000, -47476232945664.0000, 47476895645696.0000, 47476232945664.0000, 47476895645696.0000, 47476232945664.0000
477, 3211, -119708648996864.0000, -119706979663872.0000, -119708648996864.0000, -119706979663872.0000, 119708648996864.0000, 119706979663872.0000, 119708648996864.0000, 119706979663872.0000
478, 3211, -301830437339136.0000, -301826243035136.0000, -301830437339136.0000, -301826243035136.0000, 301830437339136.0000, 301826243035136.0000, 301830437339136.0000, 301826243035136.0000
479, 3211, -761025523613696.0000, -761014920413184.0000, -761025523613696.0000, -761014920413184.0000, 761025523613696.0000, 761014920413184.0000, 761025523613696.0000, 761014920413184.0000
480, 3211, -1918823884128256.0000, -1918797040582656.0000, -1918823884128256.0000, -1918797040582656.0000, 1918823884128256.0000, 1918797040582656.0000, 1918823884128256.0000, 1918797040582656.0000
481, 3211, -4838056783773696.0000, -4837989138038784.0000, -4838056783773696.0000, -4837989138038784.0000, 4838056783773696.0000, 4837989138038784.0000, 4838056783773696.0000, 4837989138038784.0000
482, 3211, -12198509205782528.0000, -12198338480832512.0000, -12198509205782528.0000, -12198338480832512.0000, 12198509205782528.0000, 12198338480832512.0000, 12198509205782528.0000, 12198338480832512.0000
483, 3211, -30756900756783104.0000, -30756469112569856.0000, -30756900756783104.0000, -30756469112569856.0000, 30756900756783104.0000, 30756469112569856.0000, 30756900756783104.0000, 30756469112569856.0000
484, 3211, -77549379740762112.0000, -77548297409003520.0000, -77549379740762112.0000, -77548297409003520.0000, 77549379740762112.0000, 77548297409003520.0000, 77549379740762112.0000, 77548297409003520.0000
485, 3211, -195530327475617792.0000, -195527595876417536.0000, -195530327475617792.0000, -195527595876417536.0000, 195530327475617792.0000, 195527595876417536.0000, 195530327475617792.0000, 195527595876417536.0000
486, 3211, -493003387348975616.0000, -492996515401302016.0000, -493003387348975616.0000, -492996515401302016.0000, 493003387348975616.0000, 492996515401302016.0000, 493003387348975616.0000, 492996515401302016.0000
487, 3211, -1243041600787972096.0000, -1243024283479834624.0000, -1243041600787972096.0000, -1243024283479834624.0000, 1243041600787972096.0000, 1243024283479834624.0000, 1243041600787972096.0000, 1243024283479834624.0000
488, 3211, -3134162293021999104.0000, -3134118312556888064.0000, -3134162293021999104.0000, -3134118312556888064.0000, 3134162293021999104.0000, 3134118312556888064.0000, 3134162293021999104.0000, 3134118312556888064.0000
489, 3211, -7902368189709811712.0000, -7902257139035406336.0000, -7902368189709811712.0000, -7902257139035406336.0000, 7902368189709811712.0000, 7902257139035406336.0000, 7902368189709811712.0000, 7902257139035406336.0000
490, 3211, -19924758181300928512.0000, -19924476706324217856.0000, -19924758181300928512.0000, -19924476706324217856.0000, 19924758181300928512.0000, 19924476706324217856.0000, 19924758181300928512.0000, 19924476706324217856.0000
491, 3211, -50237596668713238528.0000, -50236884185178439680.0000, -50237596668713238528.0000, -50236884185178439680.0000, 50237596668713238528.0000, 50236884185178439680.0000, 50237596668713238528.0000, 50236884185178439680.0000
492, 3211, -126667345917934305280.0000, -126665551514957774848.0000, -126667345917934305280.0000, -126665551514957774848.0000, 126667345917934305280.0000, 126665551514957774848.0000, 126667345917934305280.0000, 126665551514957774848.0000
493, 3211, -319374667531071520768.0000, -319370128747072061440.0000, -319374667531071520768.0000, -319370128747072061440.0000, 319374667531071520768.0000, 319370128747072061440.0000, 319374667531071520768.0000, 319370128747072061440.0000
494, 3211, -805260220397470613504.0000, -805248820660913831936.0000, -805260220397470613504.0000, -805248820660913831936.0000, 805260220397470613504.0000, 805248820660913831936.0000, 805260220397470613504.0000, 805248820660913831936.0000
495, 3211, -2030355286732650315776.0000, -2030326576285025828864.0000, -2030355286732650315776.0000, -2030326576285025828864.0000, 2030355286732650315776.0000, 2030326576285025828864.0000, 2030355286732650315776.0000, 2030326576285025828864.0000
496, 3211, -5119267592129900183552.0000, -5119195534535862255616.0000, -5119267592129900183552.0000, -5119195534535862255616.0000, 5119267592129900183552.0000, 5119195534535862255616.0000, 5119267592129900183552.0000, 5119195534535862255616.0000
497, 3211, -12907543963825023746048.0000, -12907362693940022083584.0000, -12907543963825023746048.0000, -12907362693940022083584.0000, 12907543963825023746048.0000, 12907362693940022083584.0000, 12907543963825023746048.0000, 12907362693940022083584.0000
498, 3211, -32544636706844684845056.0000, -32544177339682693054464.0000, -32544636706844684845056.0000, -32544177339682693054464.0000, 32544636706844684845056.0000, 32544177339682693054464.0000, 32544636706844684845056.0000, 32544177339682693054464.0000
499, 3211, -82056918276180138786816.0000, -82055765354675531939840.0000, -82056918276180138786816.0000, -82055765354675531939840.0000, 82056918276180138786816.0000, 82055765354675531939840.0000, 82056918276180138786816.0000, 82055765354675531939840.0000
500, 3211, -206895474967791643131904.0000, -206892574649631616532480.0000, -206895474967791643131904.0000, -206892574649631616532480.0000, 206895474967791643131904.0000, 206892574649631616532480.0000, 206895474967791643131904.0000, 206892574649631616532480.0000
501, 3211, -521659078540134306545664.0000, -521651764694339456860160.0000, -521659078540134306545664.0000, -521651764694339456860160.0000, 521659078540134306545664.0000, 521651764694339456860160.0000, 521659078540134306545664.0000, 521651764694339456860160.0000
502, 3211, -1315293204708152269864960.0000, -1315274757964078560313344.0000, -1315293204708152269864960.0000, -1315274757964078560313344.0000, 1315293204708152269864960.0000, 1315274757964078560313344.0000, 1315293204708152269864960.0000, 1315274757964078560313344.0000
508, 3252, 327.6425, 217.8723, 353.6607, 276.9140, 351.7077, 241.9373, 377.7259, 300.9790
509, 3252, 310.0927, 192.9168, 335.9284, 251.5443, 375.6516, 258.4751, 401.4873, 317.1025
526, 3256, 195.9674, 68.7701, 321.4974, 353.6201, 220.0327, 92.8351, 345.5627, 377.6851
527, 3256, 191.8952, 47.8117, 317.4252, 332.6617, 257.4543, 113.3701, 382.9843, 398.2201
528, 3256, 144.2279, -4.8190, 269.7579, 280.0309, 313.6866, 164.6378, 439.2166, 449.4878
531, 3258, 101.5970, 194.1493, 153.5267, 311.9899, 117.1468, 209.6992, 169.0765, 327.5399
532, 3258, 81.4321, 187.1409, 133.6135, 305.5525, 122.2525, 227.9617, 174.4339, 346.3733
533, 3258, 47.8253, 156.7179, 96.0803, 266.2197, 152.1965, 261.0900, 200.4515, 370.5917
532, 3259, 293.1877, 66.3566, 354.4901, 205.4650, 317.2527, 90.4218, 378.5551, 229.5302
546, 3268, 337.8971, 47.1844, 411.6831, 214.6204, 361.9623, 71.2495, 435.7483, 238.6855
547, 3268, 330.6053, 16.1710, 405.0108, 185.0128, 396.1641, 81.7298, 470.5697, 250.5715
548, 3268, 291.1503, -32.5375, 359.6827, 122.9769, 460.6083, 136.9202, 529.1406, 292.4346
539, 3265, 112.8657, 183.9422, 156.1024, 282.0563, 128.4155, 199.4920, 171.6522, 297.6061
540, 3265, 92.3143, 121.3539, 159.3763, 273.5331, 133.1349, 162.1745, 200.1970, 314.3536
541, 3265, 58.7215, 73.0817, 133.3099, 242.3392, 163.0933, 177.4533, 237.6816, 346.7108
542, 3265, -21.0346, -7.9973, 53.8181, 161.8597, 243.2285, 256.2654, 318.0813, 426.1224
543, 3265, -226.0265, -211.5109, -146.1048, -30.1506, 442.7104, 457.2248, 522.6321, 638.5851
544, 3265, -735.5342, -719.3259, -655.2744, -537.1978, 951.5458, 967.7510, 1031.8055, 1149.8792
545, 3265, -2029.9204, -2002.3433, -1949.7827, -1820.4917, 2224.5120, 2252.0813, 2304.6497, 2433.9329
546, 3265, -5264.8809, -5236.2959, -5190.1797, -5066.7822, 5462.5972, 5491.1631, 5537.2983, 5660.6768
547, 3265, -13423.0977, -13414.4004, -13337.2578, -13219.6113, 13625.1592, 13633.8076, 13710.9990, 13828.5967
548, 3265, -33996.5195, -33992.0859, -33909.6055, -33794.8516, 34202.2773, 34206.5938, 34289.1914, 34403.8281
549, 3265, -85874.6250, -85870.5078, -85787.7812, -85673.4297, 86081.2969, 86085.1172, 86168.1406, 86282.1953
550, 3265, -216689.5312, -216674.1094, -216602.7812, -216477.2656, 216874.7188, 216889.3594, 216961.4688, 217086.2031
551, 3265, -546502.9375, -546495.0625, -546408.8125, -546281.4375, 546671.3125, 546677.3125, 546765.4375, 546890.9375
552, 3265, -1378075.3750, -1378043.0000, -1377980.6250, -1377828.0000, 1378216.6250, 1378244.2500, 1378311.3750, 1378459.2500
553, 3265, -3474749.7500, -3474706.0000, -3474646.2500, -3474471.0000, 3474869.2500, 3474901.2500, 3474972.7500, 3475136.2500
554, 3265, -8761219.0000, -8761151.0000, -8761115.0000, -8760915.0000, 8761310.0000, 8761348.0000, 8761414.0000, 8761584.0000
563, 3275, 352.8874, 15.2583, 433.3493, 197.8471, 376.9524, 39.3235, 457.4144, 221.9122
587, 3281, 71.2556, 43.1938, 138.7911, 196.4485, 286.2917, 258.2302, 353.8273, 411.4849
588, 3281, -96.3017, -115.7065, -27.8879, 39.5408, 445.3853, 425.9810, 513.7991, 581.2283
589, 3281, -535.7550, -545.6154, -456.2342, -365.1635, 832.3139, 822.4547, 911.8348, 1002.9066
590, 3281, -1593.1556, -1589.0238, -1512.7535, -1406.5717, 1857.5236, 1861.6586, 1937.9257, 2044.1107
591, 3281, -4231.2627, -4214.3140, -4151.0283, -4032.2417, 4470.1709, 4487.1274, 4550.4053, 4669.1997
592, 3281, -10873.2285, -10823.5684, -10793.1328, -10641.8105, 11066.9795, 11116.6602, 11147.0752, 11298.4180
619, 3292, 80.1512, 124.2601, 148.3776, 279.0803, 104.2164, 148.3252, 172.4427, 303.1454
628, 3293, 157.7520, 77.3742, 269.0516, 329.9341, 181.8172, 101.4393, 293.1168, 353.9991
629, 3293, 139.4257, 75.2524, 244.0071, 312.5685, 204.9845, 140.8109, 309.5659, 378.1269
630, 3293, 98.5372, 33.7352, 209.9343, 286.5167, 267.9950, 203.1920, 379.3922, 455.9736
646, 3300, 259.8528, 144.2661, 335.5485, 316.0390, 283.9180, 168.3313, 359.6136, 340.1041
647, 3300, 234.9188, 118.8887, 314.0313, 298.4150, 300.4776, 184.4475, 379.5901, 363.9737
648, 3300, 182.4910, 65.3535, 262.2912, 246.4403, 351.9487, 234.8112, 431.7489, 415.8980
660, 3307, 257.3378, 121.3795, 336.8780, 301.8743, 281.4032, 145.4447, 360.9434, 325.9395
663, 3308, 189.5658, 237.6363, 233.7868, 337.9844, 213.6310, 261.7015, 257.8520, 362.0496
674, 3312, 270.5660, 137.9675, 344.8520, 306.5375, 294.6313, 162.0325, 368.9173, 330.6025
675, 3312, 232.6488, 103.1656, 318.6240, 298.2620, 298.2079, 168.7239, 384.1830, 363.8203
681, 3317, 340.5037, 219.1658, 407.2329, 370.5893, 364.5690, 243.2309, 431.2982, 394.6543
686, 3319, 252.2251, 130.7851, 326.5111, 299.3552, 267.7749, 146.3349, 342.0609, 314.9050
703, 3328, 24.9187, 156.9550, 113.1142, 357.0934, 48.9838, 181.0203, 137.1794, 381.1588
704, 3328, -19.5165, 130.1427, 83.2955, 363.4489, 46.0423, 195.7019, 148.8542, 429.0081
705, 3328, -88.5349, 78.5579, 15.7394, 315.1819, 80.9228, 248.0168, 185.1971, 484.6407
722, 3333, 225.6966, 227.9185, 265.6628, 318.6107, 249.7619, 251.9837, 289.7280, 342.6759
723, 3333, 203.5854, 209.8572, 237.5076, 286.8347, 269.1444, 275.4161, 303.0666, 352.3935
728, 3335, 76.3617, 191.7877, 102.5787, 251.2801, 91.9116, 207.3375, 118.1286, 266.8299
729, 3335, 58.5649, 167.4400, 89.1200, 236.7767, 99.3856, 208.2604, 129.9406, 277.5971
730, 3335, 27.6207, 137.9682, 61.1132, 213.9706, 131.9925, 242.3395, 165.4849, 318.3419
734, 3335, -995.7892, -859.8236, -958.8819, -776.0729, 1118.5630, 1254.5179, 1155.4702, 1338.2687
735, 3335, -2600.9128, -2462.1016, -2564.0520, -2378.4561, 2711.7258, 2850.5107, 2748.5867, 2934.1562
736, 3335, -6640.3926, -6491.9282, -6609.1113, -6420.9438, 6751.0435, 6899.4414, 6782.3247, 6970.4258
737, 3335, -16834.9707, -16673.1582, -16806.6738, -16608.9512, 16931.1016, 17092.7480, 16959.3984, 17156.9551
738, 3335, -42528.1055, -42366.9727, -42497.5898, -42297.7305, 42610.2227, 42770.9375, 42640.7383, 42840.1797
739, 3335, -107300.8047, -107144.7344, -107264.3828, -107062.0938, 107366.7188, 107521.7344, 107403.1406, 107604.3750
740, 3335, -270598.5312, -270431.9375, -270564.5938, -270354.9375, 270657.7188, 270821.6562, 270691.6562, 270898.6562
741, 3335, -682326.0000, -682149.9375, -682295.0000, -682079.5625, 682379.5000, 682548.8125, 682410.5000, 682619.1875
742, 3335, -1720442.1250, -1720252.1250, -1720411.3750, -1720182.3750, 1720479.6250, 1720652.5000, 1720510.3750, 1720722.2500
756, 3350, 24.0431, 150.3418, 67.4919, 248.9369, 39.5930, 165.8916, 83.0417, 264.4868
756, 3352, 191.0191, 119.6584, 294.9913, 355.5914, 215.0842, 143.7236, 319.0563, 379.6566
757, 3352, 173.1571, 98.8817, 276.5981, 333.6106, 238.7155, 164.4405, 342.1566, 399.1694
752, 3348, 66.9671, 84.7335, 171.4371, 321.8020, 91.0322, 108.7986, 195.5022, 345.8671
753, 3348, 43.1126, 64.2577, 147.3608, 300.8223, 108.6713, 129.8163, 212.9195, 366.3809
754, 3348, -9.3352, 12.7572, 94.7634, 248.9821, 160.1222, 182.2145, 264.2209, 418.4394
755, 3348, -139.6263, -130.5602, -35.5909, 105.5210, 290.7383, 299.8039, 394.7737, 535.8850
756, 3348, -478.2259, -459.4125, -366.6718, -206.2718, 610.7273, 629.5394, 722.2814, 882.6801
757, 3348, -1319.9843, -1311.3026, -1195.0209, -1027.7345, 1427.6240, 1436.3025, 1552.5874, 1719.8706
758, 3348, -3428.1501, -3405.3777, -3302.1155, -3119.3796, 3500.9954, 3523.7595, 3627.0300, 3809.7576
763, 3354, 110.8238, 155.5980, 141.7583, 225.7958, 134.8889, 179.6631, 165.8235, 249.8609
764, 3354, 89.1144, 137.4602, 119.9777, 207.4962, 154.6732, 203.0188, 185.5364, 273.0548
765, 3354, 36.3543, 96.8876, 64.8419, 161.5327, 205.8120, 266.3450, 234.2995, 330.9901
766, 3354, -97.8467, -33.6476, -67.2168, 35.8590, 332.5182, 396.7168, 363.1482, 466.2234
767, 3361, 118.7778, 139.1330, 175.3427, 267.4935, 142.8430, 163.1981, 199.4079, 291.5586
771, 3357, -263.2938, -165.2190, -210.9734, -46.4924, 355.7754, 453.8506, 408.0958, 572.5772
779, 3372, 84.5293, 166.1791, 124.5293, 256.9481, 108.5945, 190.2441, 148.5945, 281.0131
780, 3372, 61.4406, 138.6203, 105.0730, 237.6322, 126.9994, 204.1786, 170.6318, 303.1905
773, 3368, 52.1967, 123.0999, 114.2598, 263.9358, 76.2618, 147.1651, 138.3249, 288.0010
774, 3368, 33.1910, 107.0941, 90.6620, 237.5101, 98.7497, 172.6529, 156.2206, 303.0689
775, 3368, -25.2625, 62.5344, 31.5937, 191.5558, 144.1951, 231.9922, 201.0513, 361.0136
776, 3368, -171.0810, -72.5405, -114.2506, 56.4230, 259.2837, 357.8249, 316.1141, 486.7883
777, 3368, -515.3725, -416.4241, -447.9713, -263.4736, 573.5810, 672.5311, 640.9822, 825.4816
784, 3375, 226.3388, 110.3362, 337.8963, 363.4837, 250.4039, 134.4011, 361.9614, 387.5487
785, 3375, 191.9143, 96.6238, 296.6604, 334.3156, 257.4729, 162.1821, 362.2190, 399.8739
770, 3366, 157.7388, 134.8799, 219.3726, 274.7413, 181.8039, 158.9451, 243.4377, 298.8065
771, 3366, 132.1877, 116.1833, 189.6587, 246.5992, 197.7463, 181.7421, 255.2172, 312.1580
772, 3366, 75.1963, 60.1585, 137.1137, 200.6637, 244.6536, 229.6163, 306.5710, 370.1215
773, 3366, -64.0964, -70.4126, -1.7559, 71.0523, 366.2676, 359.9529, 428.6081, 501.4178
774, 3366, -400.6680, -406.9198, -332.8901, -253.1165, 688.2838, 682.0358, 756.0616, 835.8391
775, 3366, -1230.8987, -1237.0636, -1162.6633, -1082.2220, 1516.7059, 1510.5507, 1584.9413, 1665.3922
776, 3366, -3329.5420, -3319.5657, -3261.3857, -3164.9041, 3599.5942, 3609.5945, 3667.7505, 3764.2561
777, 3366, -8602.7686, -8588.6592, -8534.6807, -8434.1514, 8869.1533, 8883.3223, 8937.2412, 9037.8301
778, 3366, -21903.1367, -21886.8262, -21829.1953, -21719.0410, 22150.7168, 22167.1816, 22224.6582, 22334.9668
782, 3366, -441907.5938, -441904.9062, -441813.2188, -441690.8438, 442133.4375, 442139.2188, 442227.8125, 442353.2812
783, 3366, -1110405.0000, -1110391.5000, -1110310.0000, -1110176.2500, 1110605.7500, 1110627.2500, 1110700.7500, 1110842.5000
784, 3366, -2799028.7500, -2799017.0000, -2798925.2500, -2798782.0000, 2799212.5000, 2799244.5000, 2799316.0000, 2799479.5000
785, 3366, -7057739.5000, -7057728.5000, -7057635.5000, -7057491.5000, 7057895.0000, 7057956.5000, 7057999.0000, 7058193.5000
786, 3366, -17795578.0000, -17795598.0000, -17795466.0000, -17795346.0000, 17795708.0000, 17795810.0000, 17795820.0000, 17796062.0000
787, 3366, -44869440.0000, -44869540.0000, -44869336.0000, -44869300.0000, 44869556.0000, 44869768.0000, 44869660.0000, 44870008.0000
788, 3366, -113132464.0000, -113132816.0000, -113132336.0000, -113132528.0000, 113132528.0000, 113132976.0000, 113132656.0000, 113133264.0000
789, 3366, -285248416.0000, -285249344.0000, -285248288.0000, -285249088.0000, 285248448.0000, 285249536.0000, 285248576.0000, 285249792.0000
792, 3380, 61.1599, 85.4332, 184.8412, 366.0944, 85.2251, 109.4982, 208.9064, 390.1594
799, 3385, 88.7427, 160.4526, 136.3071, 268.3873, 112.8079, 184.5178, 160.3723, 292.4525
800, 3385, 65.6932, 143.6864, 110.0521, 244.3471, 131.2520, 209.2452, 175.6109, 309.9059
793, 3382, 166.9047, 191.1210, 200.3754, 267.0743, 190.9699, 215.1862, 224.4406, 291.1395
794, 3382, 144.7643, 160.7506, 178.4343, 237.1563, 210.3231, 226.3094, 243.9931, 302.7151
795, 3382, 89.2103, 117.5854, 120.2991, 188.1336, 258.6681, 287.0432, 289.7569, 357.5913
796, 3382, -46.4683, -17.0692, -10.0745, 65.5167, 383.8972, 413.2961, 420.2909, 495.8819
797, 3382, -381.2031, -350.5851, -344.3095, -266.8654, 707.7522, 738.3699, 744.6458, 822.0895
798, 3382, -1210.1271, -1182.2126, -1170.2345, -1091.6877, 1537.4863, 1565.4001, 1577.3789, 1655.9250
799, 3382, -3294.4727, -3247.4229, -3267.2393, -3185.6240, 3634.6860, 3681.7339, 3661.9194, 3743.5327
803, 3382, -69374.0938, -69329.3516, -69337.9062, -69247.2422, 69688.1328, 69732.8359, 69724.3203, 69814.9453
804, 3382, -174529.5938, -174489.6406, -174489.5312, -174398.7344, 174843.7969, 174883.6406, 174883.8594, 174974.5469
805, 3382, -440143.4688, -440088.2812, -440116.0312, -440026.0938, 440481.6250, 440536.5312, 440509.0625, 440598.7188
809, 3390, 160.1453, 155.7880, 216.9212, 284.6268, 184.2105, 179.8532, 240.9864, 308.6920
810, 3390, 148.4112, 141.2697, 205.4966, 270.8112, 213.9700, 206.8284, 271.0554, 336.3699
811, 3390, 98.4091, 83.8661, 155.3990, 213.1914, 267.8669, 253.3237, 324.8569, 382.6490
812, 3390, -32.1721, -40.8216, 24.7502, 88.3505, 398.1934, 389.5433, 455.1157, 518.7153
813, 3390, -361.9169, -368.4007, -305.0235, -239.2940, 727.0388, 720.5533, 783.9322, 849.6600
814, 3390, -1194.3505, -1208.0486, -1132.4347, -1067.5461, 1553.2643, 1539.5616, 1615.1801, 1680.0641
815, 3390, -3276.2634, -3250.5820, -3234.3616, -3155.4966, 3652.8982, 3678.5686, 3694.8000, 3773.6541
801, 3386, 38.4776, 157.3156, 86.7615, 266.8828, 62.5427, 181.3806, 110.8267, 290.9478
802, 3386, 16.2798, 126.1848, 72.6222, 254.0393, 81.8386, 191.7431, 138.1810, 319.5976
803, 3386, -35.0966, 73.0326, 21.9861, 202.5680, 134.3611, 242.4891, 191.4438, 372.0244
804, 3386, -171.8144, -57.4046, -114.8000, 71.9761, 258.5508, 372.9574, 315.5652, 502.3380
805, 3386, -488.8253, -386.5892, -431.8903, -257.3885, 600.1295, 702.3574, 657.0644, 831.5581
806, 3386, -1307.1572, -1215.8458, -1250.2588, -1086.7279, 1440.4551, 1531.7460, 1497.3535, 1660.8639
807, 3386, -3395.4001, -3306.5708, -3338.5159, -3177.4844, 3533.7556, 3622.5330, 3590.6399, 3751.6194
808, 3386, -8666.8545, -8585.3232, -8609.9756, -8456.2471, 8805.1162, 8886.5166, 8861.9951, 9015.5928
809, 3386, -21943.2715, -21861.1426, -21890.9629, -21742.4434, 22110.7090, 22192.5059, 22163.0176, 22311.2051
810, 3386, -55452.4531, -55378.4531, -55395.9922, -55250.3359, 55624.2852, 55697.4492, 55680.7461, 55825.5664
811, 3386, -139939.7344, -139864.5312, -139887.3594, -139745.7188, 140127.3594, 140200.4375, 140179.7344, 140319.2500
812, 3386, -352980.9688, -352904.0000, -352929.0938, -352786.1875, 353171.1875, 353242.7812, 353223.0625, 353360.5938
813, 3386, -890139.1875, -890057.8750, -890087.3125, -889940.0000, 890328.8750, 890396.6875, 890380.7500, 890514.5625
814, 3386, -2244511.0000, -2244419.2500, -2244459.0000, -2244301.2500, 2244700.0000, 2244757.5000, 2244752.0000, 2244875.5000
815, 3386, -5659376.5000, -5659258.5000, -5659324.5000, -5659140.5000, 5659565.0000, 5659596.5000, 5659617.0000, 5659714.5000
816, 3386, -14269500.0000, -14269315.0000, -14269448.0000, -14269197.0000, 14269688.0000, 14269653.0000, 14269740.0000, 14269771.0000
817, 3386, -35978776.0000, -35978424.0000, -35978720.0000, -35978296.0000, 35978948.0000, 35978744.0000, 35979004.0000, 35978872.0000
818, 3386, -90715776.0000, -90714992.0000, -90715712.0000, -90714864.0000, 90715936.0000, 90715328.0000, 90716000.0000, 90715456.0000
819, 3386, -228727744.0000, -228725888.0000, -228727680.0000, -228725760.0000, 228727904.0000, 228726240.0000, 228727968.0000, 228726368.0000
823, 3386, -4589881344.0000, -4589846016.0000, -4589881344.0000, -4589846016.0000, 4589881344.0000, 4589846528.0000, 4589881344.0000, 4589846528.0000
824, 3386, -11531335680.0000, -11531247616.0000, -11531335680.0000, -11531247616.0000, 11531335680.0000, 11531247616.0000, 11531335680.0000, 11531247616.0000
825, 3386, -29065682944.0000, -29065461760.0000, -29065682944.0000, -29065461760.0000, 29065682944.0000, 29065461760.0000, 29065682944.0000, 29065461760.0000
826, 3386, -73287401472.0000, -73286836224.0000, -73287401472.0000, -73286836224.0000, 73287401472.0000, 73286836224.0000, 73287401472.0000, 73286836224.0000
827, 3386, -184787501056.0000, -184786059264.0000, -184787501056.0000, -184786059264.0000, 184787501056.0000, 184786059264.0000, 184787501056.0000, 184786059264.0000
830, 3400, 159.3445, 151.7278, 216.7196, 281.9270, 236.8250, 229.2083, 294.2001, 359.4076
804, 3389, 187.9566, 183.5660, 221.8981, 260.5870, 212.0217, 207.6310, 245.9632, 284.6520
805, 3389, 169.0538, 155.7604, 205.6539, 238.8140, 234.6125, 221.3187, 271.2126, 304.3723
806, 3389, 117.6417, 102.2742, 154.4880, 185.8863, 287.0993, 271.7307, 323.9456, 355.3429
807, 3389, -9.1706, -37.6038, 34.3315, 61.1121, 421.1942, 392.7584, 464.6964, 491.4742
808, 3389, -330.8801, -358.8601, -293.4007, -273.8113, 758.0737, 730.0870, 795.5532, 815.1359
809, 3389, -1149.3149, -1183.1693, -1109.5723, -1092.9845, 1598.2952, 1564.4236, 1638.0378, 1654.6084
810, 3389, -3232.4565, -3272.1829, -3192.4404, -3181.3782, 3696.6931, 3656.9241, 3736.7092, 3747.7288
811, 3389, -8499.0596, -8542.1172, -8462.0635, -8458.1641, 8972.8955, 8929.7305, 9009.8916, 9013.6836
812, 3389, -21789.7422, -21833.4746, -21753.0625, -21750.2363, 22264.1953, 22220.1934, 22300.8750, 22303.4316
813, 3389, -55300.1289, -55346.1680, -55260.3711, -55255.9492, 55776.5039, 55729.7812, 55816.2617, 55820.0000
814, 3389, -139794.9531, -139840.5625, -139754.8906, -139749.6250, 140271.8594, 140224.5312, 140311.9219, 140315.4688
815, 3389, -352835.1562, -352889.4062, -352791.4688, -352790.2812, 353316.2812, 353257.6875, 353359.9688, 353356.8125
816, 3389, -889994.0625, -890037.0625, -889953.6875, -889945.4375, 890472.1875, 890418.3125, 890512.5625, 890509.9375
817, 3389, -2244368.2500, -2244405.5000, -2244324.7500, -2244306.5000, 2244837.7500, 2244773.5000, 2244881.2500, 2244872.5000
818, 3389, -5659236.5000, -5659248.0000, -5659192.5000, -5659148.0000, 5659693.0000, 5659613.0000, 5659737.0000, 5659713.0000
819, 3389, -14269353.0000, -14269314.0000, -14269305.0000, -14269206.0000, 14269804.0000, 14269670.0000, 14269852.0000, 14269778.0000
820, 3389, -35978604.0000, -35978436.0000, -35978556.0000, -35978316.0000, 35979040.0000, 35978772.0000, 35979088.0000, 35978892.0000
821, 3389, -90715544.0000, -90715032.0000, -90715496.0000, -90714920.0000, 90715960.0000, 90715384.0000, 90716008.0000, 90715496.0000
822, 3389, -228727376.0000, -228726016.0000, -228727312.0000, -228725888.0000, 228727744.0000, 228726336.0000, 228727808.0000, 228726464.0000
823, 3389, -576705536.0000, -576702144.0000, -576705536.0000, -576702016.0000, 576705984.0000, 576702464.0000, 576705984.0000, 576702592.0000
824, 3389, -1454085632.0000, -1454077056.0000, -1454085632.0000, -1454076800.0000, 1454086144.0000, 1454077312.0000, 1454086144.0000, 1454077568.0000
825, 3389, -3666281472.0000, -3666259456.0000, -3666281472.0000, -3666259456.0000, 3666281984.0000, 3666259968.0000, 3666281984.0000, 3666259968.0000
826, 3389, -9244035072.0000, -9243980800.0000, -9244035072.0000, -9243980800.0000, 9244035072.0000, 9243980800.0000, 9244035072.0000, 9243980800.0000
827, 3389, -23307591680.0000, -23307452416.0000, -23307591680.0000, -23307452416.0000, 23307591680.0000, 23307452416.0000, 23307591680.0000, 23307452416.0000
828, 3389, -58766954496.0000, -58766602240.0000, -58766954496.0000, -58766602240.0000, 58766954496.0000, 58766602240.0000, 58766954496.0000, 58766602240.0000
829, 3389, -148172963840.0000, -148172079104.0000, -148172963840.0000, -148172079104.0000, 148172963840.0000, 148172079104.0000, 148172963840.0000, 148172079104.0000
830, 3389, -373598191616.0000, -373595963392.0000, -373598191616.0000, -373595963392.0000, 373598191616.0000, 373595963392.0000, 373598191616.0000, 373595963392.0000
831, 3389, -941977567232.0000, -941971931136.0000, -941977567232.0000, -941971931136.0000, 941977567232.0000, 941971931136.0000, 941977567232.0000, 941971931136.0000
832, 3389, -2375069466624.0000, -2375055572992.0000, -2375069466624.0000, -2375055572992.0000, 2375069466624.0000, 2375055572992.0000, 2375069466624.0000, 2375055572992.0000
836, 3389, -47660522274816.0000, -47660237062144.0000, -47660522274816.0000, -47660237062144.0000, 47660522274816.0000, 47660237062144.0000, 47660522274816.0000, 47660237062144.0000
837, 3389, -119739359690752.0000, -119738655047680.0000, -119739359690752.0000, -119738655047680.0000, 119739359690752.0000, 119738655047680.0000, 119739359690752.0000, 119738655047680.0000
