7, 3411, 288.0831, 187.6690, 336.2254, 296.9147, 312.1485, 211.7341, 360.2907, 320.9799
8, 3411, 262.9736, 161.3168, 314.6174, 278.5084, 328.5328, 226.8757, 380.1765, 344.0672
2, 3407, 44.0001, 191.9992, 106.2201, 333.1892, 45.9999, 193.9990, 108.2199, 335.1890
3, 3407, 32.6142, 189.6136, 94.8342, 330.8036, 40.3867, 197.3860, 102.6067, 338.5760
4, 3407, 16.8138, 168.6375, 84.5290, 322.2976, 40.8790, 192.7026, 108.5942, 346.3627
5, 3407, -14.0456, 145.7396, 54.1624, 300.5182, 51.5131, 211.2980, 119.7212, 366.0766
6, 3407, -68.5312, 98.5555, -5.8312, 240.8349, 100.9266, 268.0123, 163.6265, 410.2917
7, 3407, -207.1390, -28.0907, -139.5555, 125.2707, 223.2263, 402.2722, 290.8098, 555.6336
8, 3407, -547.0530, -369.2957, -473.0586, -201.3867, 541.9019, 719.6532, 615.8962, 887.5621
17, 3415, 269.3118, 165.0765, 313.4171, 265.1615, 346.7933, 242.5571, 390.8986, 342.6421
3, 3409, 245.0032, 163.0059, 307.2176, 304.1855, 247.0030, 165.0057, 309.2174, 306.1853
5, 3409, 239.1765, 162.4444, 296.5178, 292.5659, 263.2416, 186.5096, 320.5829, 316.6311
6, 3409, 219.4220, 150.2775, 276.1872, 279.0924, 284.9807, 215.8363, 341.7459, 344.6512
7, 3409, 167.5243, 100.1268, 224.3161, 229.0025, 336.9819, 269.5847, 393.7737, 398.4603
8, 3409, 36.9701, -30.3737, 93.8104, 98.6122, 467.3349, 399.9919, 524.1752, 528.9777
9, 3409, -283.9056, -351.9813, -231.6141, -233.3184, 805.0481, 736.9745, 857.3396, 855.6373
10, 3409, -1112.4956, -1194.9316, -1056.0435, -1066.8267, 1635.1140, 1552.6830, 1691.5662, 1680.7880
11, 3409, -3201.9399, -3280.8086, -3149.5806, -3161.9922, 3727.2090, 3648.3525, 3779.5684, 3767.1689
12, 3409, -8467.0117, -8544.7383, -8415.1074, -8426.9551, 9004.9414, 8927.2471, 9056.8457, 9045.0303
20, 3420, 361.3659, 201.2544, 389.9323, 266.0786, 385.4312, 225.3196, 413.9976, 290.1438
23, 3422, 370.9673, 20.4420, 396.9673, 79.4420, 395.0327, 44.5071, 421.0327, 103.5071
24, 3422, 349.2603, -5.4808, 377.4523, 58.4935, 414.8195, 60.0778, 443.0115, 124.0521
25, 3422, 298.1985, -52.9533, 324.4156, 6.5395, 467.6574, 116.5042, 493.8745, 175.9970
26, 3428, -0.5785, 137.2018, 93.4616, 350.6049, 23.4866, 161.2670, 117.5267, 374.6700
27, 3428, -36.0309, 99.0019, 67.5633, 334.0843, 29.5277, 164.5607, 133.1219, 399.6431
25, 3427, 257.8213, 173.4891, 309.6507, 291.1033, 281.8866, 197.5542, 333.7160, 315.1683
26, 3427, 237.0674, 152.6266, 288.9651, 270.3952, 302.6266, 218.1851, 354.5242, 335.9536
27, 3427, 177.4693, 92.4114, 234.0262, 220.7535, 346.9280, 261.8683, 403.4849, 390.2104
28, 3427, 45.4127, -39.3996, 102.4132, 89.9496, 475.7803, 390.9636, 532.7808, 520.3129
25, 3426, 297.9673, 181.2593, 349.9673, 299.2593, 322.0327, 205.3245, 374.0327, 323.3245
26, 3426, 277.2204, 160.3759, 329.2204, 278.3759, 342.7796, 225.9347, 394.7796, 343.9347
30, 3426, -370.5473, -502.5534, -318.5473, -384.5534, 1003.7162, 871.7015, 1055.7162, 989.7015
31, 3426, -1413.1870, -1550.4365, -1356.5908, -1422.0061, 2041.0842, 1903.8134, 2097.6804, 2032.2438
32, 3426, -4036.2793, -4170.3716, -3983.8232, -4051.3364, 4671.7266, 4537.5801, 4724.1826, 4656.6152
33, 3426, -10660.5098, -10793.7949, -10608.5645, -10675.9199, 11297.1152, 11163.6943, 11349.0605, 11281.5693
34, 3426, -27368.5605, -27498.5879, -27312.0176, -27370.2754, 27996.2422, 27865.8711, 28052.7852, 27994.1836
34, 3434, 256.0903, 172.5427, 312.9207, 301.5060, 280.1553, 196.6079, 336.9857, 325.5712
35, 3434, 229.7092, 151.6931, 286.5303, 280.6356, 295.2676, 217.2519, 352.0887, 346.1944
38, 3437, 46.9676, 197.7339, 75.2936, 262.0129, 71.0327, 221.7990, 99.3587, 286.0780
39, 3437, 22.9177, 172.4840, 53.6191, 242.1533, 88.4764, 238.0428, 119.1778, 307.7121
40, 3437, -33.4801, 119.9305, -2.5619, 190.0914, 135.9775, 289.3882, 166.8957, 359.5491
41, 3437, -169.9045, -13.2787, -136.4712, 62.5897, 260.4604, 417.0864, 293.8936, 492.9548
42, 3437, -499.2617, -339.8862, -468.1443, -269.2732, 589.6922, 749.0683, 620.8096, 819.6813
43, 3437, -1332.4955, -1168.8276, -1301.6720, -1098.8816, 1415.1146, 1578.7839, 1445.9381, 1648.7300
44, 3437, -3425.0959, -3266.5090, -3391.7307, -3190.7947, 3504.0542, 3662.6453, 3537.4194, 3738.3596
45, 3437, -8700.5723, -8539.2764, -8666.9609, -8463.0010, 8771.3838, 8932.6904, 8804.9951, 9008.9658
46, 3437, -21996.5527, -21830.3516, -21962.9590, -21754.1250, 22057.3867, 22223.6152, 22090.9805, 22299.8418
47, 3444, 308.1793, 232.6082, 336.5795, 297.0554, 332.2446, 256.6736, 360.6448, 321.1207
3, 3408, 217.9988, 223.9969, 244.0012, 283.0026, 219.9986, 225.9967, 246.0010, 285.0024
5, 3408, 207.0283, 214.0640, 232.9676, 272.9264, 231.0935, 238.1290, 257.0328, 296.9915
6, 3408, 182.9140, 192.3960, 208.8898, 251.3411, 248.4729, 257.9545, 274.4486, 316.8995
7, 3408, 131.6011, 138.2540, 159.7845, 202.2089, 301.0591, 307.7109, 329.2425, 371.6658
8, 3408, -2.4465, 7.6983, 25.9424, 72.1197, 427.9191, 438.0612, 456.3080, 502.4827
9, 3408, -333.3654, -319.5815, -307.1754, -260.1500, 755.5906, 769.3676, 781.7807, 828.7991
10, 3408, -1165.7539, -1150.7275, -1137.6113, -1086.8652, 1581.8616, 1596.8706, 1610.0042, 1660.7329
11, 3408, -3257.9622, -3245.2317, -3227.2332, -3175.5007, 3671.2017, 3683.8879, 3701.9307, 3753.6189
12, 3408, -8532.6094, -8512.9707, -8501.6680, -8442.7559, 8939.3818, 8958.9092, 8970.3232, 9029.1240
13, 3408, -21826.9746, -21808.8965, -21793.5332, -21733.0059, 22227.0566, 22244.8535, 22260.4980, 22320.7441
14, 3408, -55339.2812, -55307.0117, -55312.6406, -55246.5664, 55737.5820, 55769.1445, 55764.2227, 55829.5898
15, 3408, -139831.8125, -139799.3438, -139806.0000, -139740.7500, 140235.5938, 140266.2656, 140261.4062, 140324.8594
16, 3408, -352877.0938, -352845.9062, -352849.0312, -352782.2188, 353275.8125, 353302.5000, 353303.8750, 353366.1875
17, 3408, -890035.9375, -889993.6875, -890009.8125, -889934.3125, 890434.0625, 890464.9375, 890460.1875, 890524.3125
18, 3408, -2244412.2500, -2244356.2500, -2244386.2500, -2244297.2500, 2244803.5000, 2244830.7500, 2244829.5000, 2244889.7500
19, 3408, -5659286.0000, -5659207.5000, -5659258.0000, -5659143.5000, 5659667.5000, 5659673.5000, 5659695.5000, 5659737.5000
20, 3408, -14269424.0000, -14269294.0000, -14269390.0000, -14269218.0000, 14269794.0000, 14269741.0000, 14269828.0000, 14269817.0000
21, 3408, -35978716.0000, -35978436.0000, -35978684.0000, -35978372.0000, 35979084.0000, 35978900.0000, 35979116.0000, 35978964.0000
22, 3408, -90715768.0000, -90715144.0000, -90715736.0000, -90715080.0000, 90716136.0000, 90715600.0000, 90716168.0000, 90715664.0000
23, 3408, -228727888.0000, -228726368.0000, -228727856.0000, -228726304.0000, 228728240.0000, 228726816.0000, 228728272.0000, 228726880.0000
24, 3408, -576706816.0000, -576703104.0000, -576706816.0000, -576702976.0000, 576707200.0000, 576703488.0000, 576707200.0000, 576703616.0000
25, 3408, -1454088960.0000, -1454079488.0000, -1454088960.0000, -1454079488.0000, 1454089216.0000, 1454080000.0000, 1454089216.0000, 1454080000.0000
26, 3408, -3666289664.0000, -3666265856.0000, -3666289664.0000, -3666265856.0000, 3666290176.0000, 3666266368.0000, 3666290176.0000, 3666266368.0000
27, 3408, -9244056576.0000, -9243996160.0000, -9244056576.0000, -9243996160.0000, 9244056576.0000, 9243997184.0000, 9244056576.0000, 9243997184.0000
28, 3408, -23307644928.0000, -23307493376.0000, -23307644928.0000, -23307493376.0000, 23307644928.0000, 23307493376.0000, 23307644928.0000, 23307493376.0000
29, 3408, -58767089664.0000, -58766704640.0000, -58767089664.0000, -58766704640.0000, 58767089664.0000, 58766704640.0000, 58767089664.0000, 58766704640.0000
30, 3408, -148173291520.0000, -148172341248.0000, -148173291520.0000, -148172341248.0000, 148173291520.0000, 148172341248.0000, 148173291520.0000, 148172341248.0000
31, 3408, -373599010816.0000, -373596618752.0000, -373599010816.0000, -373596618752.0000, 373599010816.0000, 373596618752.0000, 373599010816.0000, 373596618752.0000
32, 3408, -941979598848.0000, -941973569536.0000, -941979598848.0000, -941973569536.0000, 941979598848.0000, 941973569536.0000, 941979598848.0000, 941973569536.0000
33, 3408, -2375074709504.0000, -2375059505152.0000, -2375074709504.0000, -2375059505152.0000, 2375074709504.0000, 2375059505152.0000, 2375074709504.0000, 2375059505152.0000
34, 3408, -5988431167488.0000, -5988392894464.0000, -5988431167488.0000, -5988392894464.0000, 5988431167488.0000, 5988392894464.0000, 5988431167488.0000, 5988392894464.0000
35, 3408, -15099022540800.0000, -15098926071808.0000, -15099022540800.0000, -15098926071808.0000, 15099022540800.0000, 15098926071808.0000, 15099022540800.0000, 15098926071808.0000
36, 3408, -38070153904128.0000, -38069910634496.0000, -38070153904128.0000, -38069910634496.0000, 38070153904128.0000, 38069910634496.0000, 38070153904128.0000, 38069910634496.0000
37, 3408, -95988769357824.0000, -95988156989440.0000, -95988769357824.0000, -95988156989440.0000, 95988769357824.0000, 95988156989440.0000, 95988769357824.0000, 95988156989440.0000
38, 3408, -242022749306880.0000, -242021205803008.0000, -242022749306880.0000, -242021205803008.0000, 242022749306880.0000, 242021205803008.0000, 242022749306880.0000, 242021205803008.0000
39, 3408, -610227812564992.0000, -610223920250880.0000, -610227812564992.0000, -610223920250880.0000, 610227812564992.0000, 610223920250880.0000, 610227812564992.0000, 610223920250880.0000
40, 3408, -1538607340847104.0000, -1538597408735232.0000, -1538607340847104.0000, -1538597408735232.0000, 1538607340847104.0000, 1538597408735232.0000, 1538607340847104.0000, 1538597408735232.0000
41, 3408, -3879391092277248.0000, -3879366396215296.0000, -3879391092277248.0000, -3879366396215296.0000, 3879391092277248.0000, 3879366396215296.0000, 3879391092277248.0000, 3879366396215296.0000
42, 3408, -9781362814877696.0000, -9781299464110080.0000, -9781362814877696.0000, -9781299464110080.0000, 9781362814877696.0000, 9781299464110080.0000, 9781362814877696.0000, 9781299464110080.0000
43, 3408, -24662389408399360.0000, -24662230494609408.0000, -24662389408399360.0000, -24662230494609408.0000, 24662389408399360.0000, 24662230494609408.0000, 24662389408399360.0000, 24662230494609408.0000
44, 3408, -62182897288740864.0000, -62182493561815040.0000, -62182897288740864.0000, -62182493561815040.0000, 62182897288740864.0000, 62182493561815040.0000, 62182897288740864.0000, 62182493561815040.0000
45, 3408, -156785805455523840.0000, -156784791843241984.0000, -156785805455523840.0000, -156784791843241984.0000, 156785805455523840.0000, 156784791843241984.0000, 156785805455523840.0000, 156784791843241984.0000
46, 3408, -395314287481978880.0000, -395311744861339648.0000, -395314287481978880.0000, -395311744861339648.0000, 395314287481978880.0000, 395311744861339648.0000, 395314287481978880.0000, 395311744861339648.0000
47, 3408, -996731754712662016.0000, -996725295081848832.0000, -996731754712662016.0000, -996725295081848832.0000, 996731754712662016.0000, 996725295081848832.0000, 996731754712662016.0000, 996725295081848832.0000
48, 3408, -2513125140305281024.0000, -2513108647630864384.0000, -2513125140305281024.0000, -2513108647630864384.0000, 2513125140305281024.0000, 2513108647630864384.0000, 2513125140305281024.0000, 2513108647630864384.0000
49, 3408, -6336506401594015744.0000, -6336465169907974144.0000, -6336506401594015744.0000, -6336465169907974144.0000, 6336506401594015744.0000, 6336465169907974144.0000, 6336506401594015744.0000, 6336465169907974144.0000
41, 3439, 249.2959, 172.4345, 306.1729, 301.5045, 273.3609, 196.4997, 330.2379, 325.5697
42, 3439, 228.3955, 151.7351, 285.2725, 280.8051, 293.9539, 217.2940, 350.8310, 346.3640
43, 3439, 176.3484, 99.5855, 233.2255, 228.6555, 345.8054, 269.0435, 402.6824, 398.1136
44, 3439, 45.8458, -31.0355, 102.7228, 98.0345, 476.2090, 399.3305, 533.0859, 528.4005
45, 3439, -283.4678, -366.9977, -226.5908, -237.9277, 805.4819, 721.9591, 862.3588, 851.0292
46, 3439, -1112.7992, -1198.1406, -1055.9222, -1069.0706, 1634.8000, 1549.4767, 1691.6770, 1678.5468
47, 3439, -3203.5625, -3289.0989, -3146.6855, -3160.0291, 3725.5605, 3640.0696, 3782.4375, 3769.1394
48, 3439, -8474.9453, -8560.3320, -8418.0684, -8431.2617, 8996.9434, 8911.6719, 9053.8203, 9040.7422
49, 3439, -21770.3164, -21853.5625, -21708.4062, -21713.0703, 22283.4551, 22200.4980, 22345.3652, 22340.9902
50, 3439, -55282.2773, -55364.5234, -55219.9102, -55222.9922, 55793.9258, 55712.4141, 55856.2930, 55853.9453
58, 3447, 264.6417, 170.4687, 321.4162, 299.3053, 288.7067, 194.5338, 345.4811, 323.3704
59, 3447, 238.7582, 151.4097, 295.5124, 280.2006, 304.3164, 216.9684, 361.0706, 345.7592
60, 3447, 189.0737, 90.6961, 250.9324, 231.0691, 358.5302, 260.1535, 420.3888, 400.5265
61, 3447, 59.8084, -41.2684, 122.1586, 100.2192, 490.1702, 389.0960, 552.5204, 530.5836
62, 3447, -269.2305, -370.7108, -206.9223, -229.3192, 819.7159, 718.2419, 882.0240, 859.6335
64, 3450, 230.8215, 204.9675, 256.8215, 263.9675, 254.8866, 229.0325, 280.8866, 288.0325
65, 3450, 210.1430, 180.8859, 236.1430, 239.8859, 275.7017, 246.4442, 301.7017, 305.4442
66, 3450, 158.2369, 128.0803, 184.2369, 187.0803, 327.6947, 297.5368, 353.6947, 356.5368
74, 3454, 246.0880, 136.5981, 307.8644, 276.7833, 323.5694, 214.0790, 385.3458, 354.2642
75, 3454, 186.1604, 75.8906, 248.4406, 217.2185, 382.3673, 272.0963, 444.6476, 413.4242
76, 3454, 36.2464, -74.0048, 98.5238, 67.3162, 531.9252, 421.6708, 594.2025, 562.9919
73, 3453, 310.5577, 193.5124, 362.5361, 311.4638, 326.1075, 209.0623, 378.0859, 327.0137
74, 3453, 304.5092, 181.2093, 356.4645, 299.1084, 345.3297, 222.0301, 397.2850, 339.9291
75, 3453, 270.7549, 141.9807, 327.3307, 270.3654, 375.1263, 246.3529, 431.7021, 374.7375
76, 3453, 190.3216, 60.8063, 247.3286, 190.1700, 454.5837, 325.0703, 511.5907, 454.4340
77, 3453, -2.0186, -134.3435, 50.3797, -15.4385, 666.7155, 534.3955, 719.1138, 653.3005
83, 3461, 313.0433, 180.7341, 341.3215, 244.9047, 337.1083, 204.7992, 365.3865, 268.9698
87, 3464, 161.0053, 210.3665, 189.4846, 274.9929, 185.0705, 234.4315, 213.5498, 299.0580
83, 3459, 218.0624, 208.8215, 244.0624, 267.8215, 242.1274, 232.8866, 268.1274, 291.8866
84, 3459, 194.8033, 191.4779, 220.8033, 250.4779, 260.3617, 257.0367, 286.3617, 316.0367
85, 3459, 140.3905, 135.1730, 168.5820, 199.1461, 309.8473, 304.6307, 338.0388, 368.6039
86, 3459, 9.5724, 7.1348, 37.9641, 71.5625, 439.9352, 437.5002, 468.3270, 501.9278
87, 3459, -322.2813, -325.0336, -291.5419, -255.2786, 766.6674, 763.9216, 797.4068, 833.6766
88, 3459, -1150.9211, -1145.9354, -1124.5020, -1085.9840, 1596.6759, 1601.6779, 1623.0951, 1661.6293
100, 3470, 193.0496, 193.5032, 226.7082, 269.8831, 208.5994, 209.0530, 242.2580, 285.4328
101, 3470, 176.6537, 177.3025, 213.2934, 260.4467, 217.4741, 218.1229, 254.1138, 301.2671
102, 3470, 139.4165, 141.2822, 176.2987, 224.9760, 243.7878, 245.6534, 280.6699, 329.3471
103, 3470, 58.2683, 64.5444, 95.1029, 148.1301, 322.5301, 328.8060, 359.3647, 412.3916
98, 3469, 325.8760, 146.1727, 377.7391, 263.8629, 403.3564, 223.6537, 455.2195, 341.3439
99, 3469, 268.4542, 93.8230, 316.5055, 202.8631, 464.6587, 290.0288, 512.7100, 399.0689
100, 3469, 118.3694, -55.2594, 169.9756, 61.8475, 614.0419, 440.4164, 665.6482, 557.5233
101, 3469, -259.8863, -432.8351, -207.8581, -314.7708, 992.3763, 819.4359, 1044.4045, 937.5002
102, 3469, -1213.0460, -1385.8691, -1161.0079, -1267.7827, 1945.3967, 1772.5947, 1997.4348, 1890.6812
103, 3469, -3616.0732, -3788.9646, -3564.0557, -3670.9241, 4348.2573, 4175.4194, 4400.2749, 4293.4595
104, 3469, -9681.2959, -9847.7207, -9629.2900, -9729.7051, 10400.2236, 10233.9346, 10452.2295, 10351.9502
108, 3469, -201142.0312, -201299.8750, -201090.0312, -201181.8750, 201841.0000, 201685.8750, 201893.0000, 201803.8750
109, 3469, -505872.3438, -506025.5938, -505820.3438, -505907.5938, 506558.0000, 506411.5938, 506610.0000, 506529.5938
110, 3469, -1275617.8750, -1275781.0000, -1275561.3750, -1275652.5000, 1276296.7500, 1276150.7500, 1276353.2500, 1276279.2500
111, 3469, -3216907.7500, -3217080.5000, -3216859.2500, -3216970.0000, 3217594.2500, 3217464.7500, 3217642.7500, 3217575.2500
115, 3469, -64561748.0000, -64562344.0000, -64561692.0000, -64562216.0000, 64562428.0000, 64562712.0000, 64562484.0000, 64562840.0000
116, 3469, -162201520.0000, -162202784.0000, -162201456.0000, -162202656.0000, 162202192.0000, 162203136.0000, 162202256.0000, 162203264.0000
117, 3469, -408842848.0000, -408845792.0000, -408842784.0000, -408845664.0000, 408843520.0000, 408846176.0000, 408843584.0000, 408846304.0000
118, 3469, -1030873600.0000, -1030880768.0000, -1030873600.0000, -1030880640.0000, 1030874368.0000, 1030881152.0000, 1030874368.0000, 1030881280.0000
119, 3469, -2599254272.0000, -2599271936.0000, -2599254272.0000, -2599271936.0000, 2599255040.0000, 2599272448.0000, 2599255040.0000, 2599272448.0000
120, 3469, -6553696768.0000, -6553741312.0000, -6553696768.0000, -6553741312.0000, 6553697280.0000, 6553741312.0000, 6553697280.0000, 6553741312.0000
97, 3468, 145.9566, 195.4696, 179.2169, 270.9457, 161.5065, 211.0193, 194.7668, 286.4955
98, 3468, 128.4118, 181.0917, 162.1025, 257.5445, 169.2327, 221.9120, 202.9233, 298.3648
102, 3468, -282.2099, -224.0172, -248.3165, -147.1049, 558.2856, 616.4688, 592.1790, 693.3810
106, 3468, -8267.6689, -8182.5464, -8230.8643, -8099.0298, 8494.0381, 8578.9688, 8530.8428, 8662.4863
107, 3468, -20943.7051, -20856.1992, -20906.9199, -20772.7305, 21165.4395, 21252.4629, 21202.2246, 21335.9316
108, 3468, -52965.7383, -52870.8477, -52925.9180, -52780.4961, 53172.4180, 53266.0898, 53212.2383, 53356.4414
109, 3468, -133718.7031, -133611.2500, -133678.6094, -133520.2812, 133903.0312, 134007.4062, 133943.1250, 134098.3750
110, 3468, -337306.9375, -337189.6250, -337266.8750, -337098.7500, 337476.4688, 337586.0000, 337516.5312, 337676.8750
111, 3468, -850607.5000, -850478.2500, -850567.5000, -850387.3750, 850774.6250, 850884.3125, 850814.6250, 850975.1875
112, 3468, -2144826.5000, -2144676.0000, -2144786.5000, -2144585.0000, 2144983.0000, 2145084.5000, 2145023.0000, 2145175.5000
113, 3468, -5408018.0000, -5407829.5000, -5407974.0000, -5407730.5000, 5408161.5000, 5408226.0000, 5408205.5000, 5408325.0000
114, 3468, -13635705.0000, -13635418.0000, -13635661.0000, -13635318.0000, 13635838.0000, 13635812.0000, 13635882.0000, 13635912.0000
115, 3468, -34380700.0000, -34380188.0000, -34380652.0000, -34380068.0000, 34380824.0000, 34380556.0000, 34380872.0000, 34380676.0000
116, 3468, -86686408.0000, -86685288.0000, -86686360.0000, -86685176.0000, 86686520.0000, 86685672.0000, 86686568.0000, 86685784.0000
117, 3468, -218568208.0000, -218565584.0000, -218568144.0000, -218565456.0000, 218568288.0000, 218565952.0000, 218568352.0000, 218566080.0000
118, 3468, -551090304.0000, -551083968.0000, -551090304.0000, -551083840.0000, 551090432.0000, 551084352.0000, 551090432.0000, 551084480.0000
119, 3468, -1389500160.0000, -1389484288.0000, -1389500160.0000, -1389484288.0000, 1389500288.0000, 1389484800.0000, 1389500288.0000, 1389484800.0000
120, 3468, -3503437824.0000, -3503397888.0000, -3503437824.0000, -3503397888.0000, 3503437824.0000, 3503398400.0000, 3503437824.0000, 3503398400.0000
121, 3468, -8833447936.0000, -8833346560.0000, -8833447936.0000, -8833346560.0000, 8833447936.0000, 8833347584.0000, 8833447936.0000, 8833347584.0000
121, 3475, 72.4981, 183.4422, 128.8988, 311.4297, 96.5633, 207.5074, 152.9640, 335.4949
104, 3471, 260.8344, 201.7860, 289.3357, 266.4622, 284.8996, 225.8511, 313.4008, 290.5274
108, 3471, -13.9791, -59.2471, 16.6778, 10.3208, 534.1848, 488.9166, 564.8417, 558.4845
109, 3471, -442.4281, -477.8888, -409.0018, -402.0364, 937.7912, 902.3303, 971.2175, 978.1827
110, 3471, -1493.8243, -1530.2517, -1457.1459, -1447.0200, 1986.5790, 1950.1510, 2023.2574, 2033.3827
119, 3471, -837719.8750, -837740.1875, -837683.2500, -837657.1875, 838191.5625, 838171.3125, 838228.1875, 838254.3125
120, 3471, -2104489.7500, -2104506.5000, -2104450.2500, -2104416.5000, 2104954.7500, 2104938.2500, 2104994.2500, 2105028.2500
121, 3471, -5304525.0000, -5304541.0000, -5304488.0000, -5304457.0000, 5304987.5000, 5304972.5000, 5305024.5000, 5305056.5000
122, 3471, -13375142.0000, -13375145.0000, -13375102.0000, -13375055.0000, 13375576.0000, 13375576.0000, 13375616.0000, 13375666.0000
123, 3471, -33724340.0000, -33724332.0000, -33724300.0000, -33724244.0000, 33724756.0000, 33724772.0000, 33724796.0000, 33724860.0000
124, 3471, -85031912.0000, -85031896.0000, -85031880.0000, -85031816.0000, 85032320.0000, 85032344.0000, 85032352.0000, 85032424.0000
125, 3471, -214396912.0000, -214396912.0000, -214396880.0000, -214396816.0000, 214397328.0000, 214397344.0000, 214397360.0000, 214397440.0000
126, 3471, -540573312.0000, -540573376.0000, -540573312.0000, -540573248.0000, 540573696.0000, 540573760.0000, 540573696.0000, 540573888.0000
127, 3471, -1362983168.0000, -1362983424.0000, -1362983168.0000, -1362983424.0000, 1362983680.0000, 1362983936.0000, 1362983680.0000, 1362983936.0000
128, 3471, -3436579328.0000, -3436579584.0000, -3436579328.0000, -3436579584.0000, 3436579840.0000, 3436580096.0000, 3436579840.0000, 3436580096.0000
129, 3471, -8664872960.0000, -8664872960.0000, -8664872960.0000, -8664872960.0000, 8664872960.0000, 8664872960.0000, 8664872960.0000, 8664872960.0000
130, 3471, -21847310336.0000, -21847310336.0000, -21847310336.0000, -21847310336.0000, 21847310336.0000, 21847310336.0000, 21847310336.0000, 21847310336.0000
131, 3471, -55085051904.0000, -55085051904.0000, -55085051904.0000, -55085051904.0000, 55085051904.0000, 55085051904.0000, 55085051904.0000, 55085051904.0000
132, 3471, -138889543680.0000, -138889543680.0000, -138889543680.0000, -138889543680.0000, 138889543680.0000, 138889543680.0000, 138889543680.0000, 138889543680.0000
87, 3462, 281.9283, 172.0439, 344.2755, 313.5232, 305.9935, 196.1091, 368.3406, 337.5884
88, 3462, 261.2083, 142.9429, 323.4791, 284.2489, 326.7670, 208.5017, 389.0378, 349.8077
89, 3462, 209.2677, 88.8232, 271.5060, 230.0553, 378.7254, 258.2811, 440.9637, 399.5131
90, 3462, 78.8163, -41.8312, 141.0426, 99.3734, 509.1814, 388.5343, 571.4077, 529.7389
91, 3462, -248.5266, -361.9719, -191.3106, -232.1357, 840.4279, 726.9837, 897.6439, 856.8199
92, 3462, -1077.7532, -1189.6443, -1021.0398, -1060.9478, 1669.8584, 1557.9700, 1726.5718, 1686.6665
96, 3462, -27276.9531, -27415.0605, -27214.5859, -27273.5332, 27879.6699, 27741.6113, 27942.0371, 27883.1387
97, 3462, -68982.8906, -69123.3203, -68920.5781, -68981.9141, 69589.6719, 69449.3672, 69651.9844, 69590.7734
98, 3462, -174339.1875, -174479.5469, -174276.9375, -174338.2656, 174946.3750, 174806.3281, 175008.6250, 174947.6094
99, 3462, -440046.4375, -440185.2812, -439989.1875, -440055.4062, 440657.0625, 440519.0312, 440714.3125, 440648.9062
100, 3462, -1110003.6250, -1110144.2500, -1109941.8750, -1110004.0000, 1110610.2500, 1110471.6250, 1110672.0000, 1110611.8750
101, 3462, -2799197.7500, -2799339.7500, -2799135.2500, -2799198.2500, 2799803.7500, 2799667.2500, 2799866.2500, 2799808.7500
102, 3462, -7058267.5000, -7058413.5000, -7058205.5000, -7058272.5000, 7058874.0000, 7058741.5000, 7058936.0000, 7058882.5000
108, 3462, -434566112.0000, -434566656.0000, -434566048.0000, -434566528.0000, 434566688.0000, 434566976.0000, 434566752.0000, 434567104.0000
109, 3462, -1091371776.0000, -1091373056.0000, -1091371776.0000, -1091372800.0000, 1091372544.0000, 1091373312.0000, 1091372544.0000, 1091373568.0000
110, 3462, -2750709248.0000, -2750712064.0000, -2750709248.0000, -2750712064.0000, 2750710016.0000, 2750712576.0000, 2750710016.0000, 2750712576.0000
111, 3462, -6935630848.0000, -6935638016.0000, -6935630848.0000, -6935638016.0000, 6935631872.0000, 6935638016.0000, 6935631872.0000, 6935638016.0000
112, 3462, -17487464448.0000, -17487480832.0000, -17487464448.0000, -17487480832.0000, 17487464448.0000, 17487480832.0000, 17487464448.0000, 17487480832.0000
113, 3462, -44092391424.0000, -44092432384.0000, -44092391424.0000, -44092432384.0000, 44092391424.0000, 44092432384.0000, 44092391424.0000, 44092432384.0000
114, 3462, -111173074944.0000, -111173173248.0000, -111173074944.0000, -111173173248.0000, 111173074944.0000, 111173173248.0000, 111173074944.0000, 111173173248.0000
115, 3462, -280307990528.0000, -280308252672.0000, -280307990528.0000, -280308252672.0000, 280307990528.0000, 280308252672.0000, 280307990528.0000, 280308252672.0000
116, 3462, -706758836224.0000, -706759557120.0000, -706758836224.0000, -706759557120.0000, 706758836224.0000, 706759557120.0000, 706758836224.0000, 706759557120.0000
117, 3462, -1781997240320.0000, -1781999075328.0000, -1781997240320.0000, -1781999075328.0000, 1781997240320.0000, 1781999075328.0000, 1781997240320.0000, 1781999075328.0000
118, 3462, -4493065846784.0000, -4493070565376.0000, -4493065846784.0000, -4493070565376.0000, 4493065846784.0000, 4493070565376.0000, 4493065846784.0000, 4493070565376.0000
119, 3462, -11328660963328.0000, -11328672497664.0000, -11328660963328.0000, -11328672497664.0000, 11328660963328.0000, 11328672497664.0000, 11328660963328.0000, 11328672497664.0000
120, 3462, -28563694682112.0000, -28563721945088.0000, -28563694682112.0000, -28563721945088.0000, 28563694682112.0000, 28563721945088.0000, 28563694682112.0000, 28563721945088.0000
121, 3462, -72019504791552.0000, -72019580289024.0000, -72019504791552.0000, -72019580289024.0000, 72019504791552.0000, 72019580289024.0000, 72019504791552.0000, 72019580289024.0000
122, 3462, -181587492732928.0000, -181587677282304.0000, -181587492732928.0000, -181587677282304.0000, 181587492732928.0000, 181587677282304.0000, 181587492732928.0000, 181587677282304.0000
123, 3462, -457848412700672.0000, -457848882462720.0000, -457848412700672.0000, -457848882462720.0000, 457848412700672.0000, 457848882462720.0000, 457848412700672.0000, 457848882462720.0000
124, 3462, -1154403054649344.0000, -1154404262608896.0000, -1154403054649344.0000, -1154404262608896.0000, 1154403054649344.0000, 1154404262608896.0000, 1154403054649344.0000, 1154404262608896.0000
125, 3462, -2910671956082688.0000, -2910675177308160.0000, -2910671956082688.0000, -2910675177308160.0000, 2910671956082688.0000, 2910675177308160.0000, 2910671956082688.0000, 2910675177308160.0000
126, 3462, -7338867526991872.0000, -7338876116926464.0000, -7338867526991872.0000, -7338876116926464.0000, 7338867526991872.0000, 7338876116926464.0000, 7338867526991872.0000, 7338876116926464.0000
127, 3462, -18503966799167488.0000, -18503988274003968.0000, -18503966799167488.0000, -18503988274003968.0000, 18503966799167488.0000, 18503988274003968.0000, 18503966799167488.0000, 18503988274003968.0000
128, 3462, -46655259073839104.0000, -46655314908413952.0000, -46655259073839104.0000, -46655314908413952.0000, 46655259073839104.0000, 46655314908413952.0000, 46655259073839104.0000, 46655314908413952.0000
129, 3462, -117634953759424512.0000, -117635099788312576.0000, -117634953759424512.0000, -117635099788312576.0000, 117634953759424512.0000, 117635099788312576.0000, 117634953759424512.0000, 117635099788312576.0000
130, 3462, -296600683296063488.0000, -296601061253185536.0000, -296600683296063488.0000, -296601061253185536.0000, 296600683296063488.0000, 296601061253185536.0000, 296600683296063488.0000, 296601061253185536.0000
131, 3462, -747838743506845696.0000, -747839568140566528.0000, -747838743506845696.0000, -747839568140566528.0000, 747838743506845696.0000, 747839568140566528.0000, 747838743506845696.0000, 747839568140566528.0000
132, 3462, -1885574618144571392.0000, -1885576954606780416.0000, -1885574618144571392.0000, -1885576954606780416.0000, 1885574618144571392.0000, 1885576954606780416.0000, 1885574618144571392.0000, 1885576954606780416.0000
133, 3462, -4754222307805757440.0000, -4754228355119710208.0000, -4754222307805757440.0000, -4754228355119710208.0000, 4754222307805757440.0000, 4754228355119710208.0000, 4754222307805757440.0000, 4754228355119710208.0000
134, 3462, -11987131952223223808.0000, -11987146245874384896.0000, -11987131952223223808.0000, -11987146245874384896.0000, 11987131952223223808.0000, 11987146245874384896.0000, 11987131952223223808.0000, 11987146245874384896.0000
135, 3462, -30223940773283364864.0000, -30223975957655453696.0000, -30223940773283364864.0000, -30223975957655453696.0000, 30223940773283364864.0000, 30223975957655453696.0000, 30223940773283364864.0000, 30223975957655453696.0000
136, 3462, -76205602808782651392.0000, -76205690769712873472.0000, -76205602808782651392.0000, -76205690769712873472.0000, 76205602808782651392.0000, 76205690769712873472.0000, 76205602808782651392.0000, 76205690769712873472.0000
137, 3462, -192142172636460351488.0000, -192142383742692884480.0000, -192142172636460351488.0000, -192142383742692884480.0000, 192142172636460351488.0000, 192142383742692884480.0000, 192142172636460351488.0000, 192142383742692884480.0000
141, 3462, -3855717414476510658560.0000, -3855721355126184607744.0000, -3855717414476510658560.0000, -3855721355126184607744.0000, 3855717414476510658560.0000, 3855721355126184607744.0000, 3855717414476510658560.0000, 3855721355126184607744.0000
142, 3462, -9686866747905051459584.0000, -9686878006904119885824.0000, -9686866747905051459584.0000, -9686878006904119885824.0000, 9686866747905051459584.0000, 9686878006904119885824.0000, 9686866747905051459584.0000, 9686878006904119885824.0000
143, 3462, -24416549106565668405248.0000, -24416573876363618942976.0000, -24416549106565668405248.0000, -24416573876363618942976.0000, 24416549106565668405248.0000, 24416573876363618942976.0000, 24416549106565668405248.0000, 24416573876363618942976.0000
144, 3462, -61564882446098785894400.0000, -61564950000093196451840.0000, -61564882446098785894400.0000, -61564950000093196451840.0000, 61564882446098785894400.0000, 61564950000093196451840.0000, 61564882446098785894400.0000, 61564950000093196451840.0000
143, 3480, 283.9673, 171.9675, 340.8444, 301.0375, 308.0327, 196.0325, 364.9097, 325.1025
144, 3480, 263.2204, 151.2209, 320.0974, 280.2909, 328.7796, 216.7791, 385.6566, 345.8492
145, 3480, 211.2706, 106.6871, 268.1476, 235.7571, 380.7294, 276.1436, 437.6064, 405.2137
146, 3480, 80.8160, -21.7842, 137.6930, 107.2858, 511.1841, 408.5779, 568.0610, 537.6479
147, 3480, -248.4810, -350.8908, -191.6040, -221.8208, 840.4810, 738.0560, 897.3580, 867.1261
148, 3480, -1072.9918, -1159.0819, -1028.2462, -1057.5419, 1674.6388, 1588.5105, 1719.3844, 1690.0505
149, 3480, -3170.4221, -3276.3735, -3109.4690, -3138.0557, 3758.7798, 3652.7322, 3819.7329, 3791.0500
150, 3480, -8435.0518, -8536.8662, -8382.0693, -8416.6357, 9037.0342, 8934.9785, 9090.0166, 9055.2090
151, 3480, -21730.1191, -21833.1406, -21673.5957, -21704.8750, 22324.1504, 22220.5195, 22380.6738, 22348.7852
152, 3480, -55226.7305, -55301.4062, -55191.2617, -55220.9297, 55850.7344, 55774.5273, 55886.2031, 55855.0039
153, 3485, 141.7620, 188.4606, 175.5901, 265.2242, 165.8271, 212.5257, 199.6552, 289.2894
154, 3485, 114.2387, 160.0488, 153.8240, 249.8767, 179.7975, 225.6075, 219.3828, 315.4354
155, 3485, 62.9940, 120.2766, 97.1202, 197.7169, 232.4518, 289.7343, 266.5780, 367.1746
137, 3478, 190.9675, 200.4419, 216.9675, 259.4419, 215.0325, 224.5069, 241.0325, 283.5069
138, 3478, 170.2209, 180.4733, 196.2209, 239.4733, 235.7791, 246.0316, 261.7791, 305.0316
139, 3478, 114.9760, 128.5589, 140.9760, 187.5589, 284.4325, 298.0154, 310.4325, 357.0154
140, 3478, -16.3574, -2.0077, 9.6426, 56.9923, 414.0047, 428.3544, 440.0047, 487.3544
141, 3478, -349.0199, -331.3935, -323.0199, -272.3935, 739.9271, 757.5536, 765.9271, 816.5536
142, 3478, -1179.2744, -1163.5496, -1151.0830, -1099.5764, 1568.3182, 1584.0432, 1596.5096, 1648.0164
143, 3478, -3273.9810, -3254.6353, -3245.5894, -3190.2075, 3655.1250, 3674.4717, 3683.5166, 3738.8994
144, 3478, -8545.3252, -8523.2275, -8519.1338, -8463.7939, 8926.5195, 8948.6201, 8952.7109, 9008.0537
145, 3478, -21838.9375, -21821.0312, -21808.4062, -21751.7461, 22214.7227, 22232.6348, 22245.2539, 22301.9199
146, 3478, -55350.2617, -55333.1797, -55319.3164, -55262.9531, 55725.6680, 55742.7656, 55756.6133, 55812.9922
147, 3478, -139842.9062, -139823.3438, -139814.3438, -139758.5312, 140222.1250, 140241.7500, 140250.6875, 140306.5625
148, 3478, -352887.9062, -352866.6875, -352854.7188, -352791.3125, 353259.0312, 353280.3750, 353292.2188, 353355.7500
152, 3478, -7084943.0000, -7084927.5000, -7084910.0000, -7084851.5000, 7085316.5000, 7085333.5000, 7085349.5000, 7085409.5000
153, 3478, -17800066.0000, -17800050.0000, -17800030.0000, -17799966.0000, 17800426.0000, 17800446.0000, 17800462.0000, 17800530.0000
154, 3478, -44866812.0000, -44866792.0000, -44866772.0000, -44866712.0000, 44867168.0000, 44867192.0000, 44867208.0000, 44867272.0000
155, 3478, -113129272.0000, -113129272.0000, -113129240.0000, -113129192.0000, 113129648.0000, 113129672.0000, 113129680.0000, 113129752.0000
156, 3478, -285245440.0000, -285245408.0000, -285245376.0000, -285245344.0000, 285245760.0000, 285245824.0000, 285245824.0000, 285245888.0000
157, 3478, -719211072.0000, -719211136.0000, -719211072.0000, -719211008.0000, 719211456.0000, 719211520.0000, 719211456.0000, 719211648.0000
158, 3478, -1813395712.0000, -1813395968.0000, -1813395712.0000, -1813395968.0000, 1813396096.0000, 1813396480.0000, 1813396096.0000, 1813396480.0000
169, 3490, 81.7833, 163.3900, 138.3877, 291.8393, 105.8485, 187.4551, 162.4529, 315.9044
170, 3490, 53.8008, 135.6895, 110.8179, 265.0762, 119.3596, 201.2483, 176.3767, 330.6349
176, 3493, 312.0853, 240.8144, 342.7932, 310.4977, 327.6351, 256.3642, 358.3430, 326.0475
150, 3484, 234.5667, 160.3306, 297.1412, 302.3255, 258.6320, 184.3956, 321.2065, 326.3904
151, 3484, 215.1164, 127.9469, 282.6541, 281.2046, 280.6756, 193.5052, 348.2133, 346.7629
152, 3484, 164.0995, 73.4294, 232.1998, 227.9638, 333.5583, 242.8858, 401.6586, 397.4202
153, 3484, 33.9194, -57.4621, 102.0210, 97.0751, 464.2874, 372.8998, 532.3890, 527.4371
154, 3484, -297.4995, -372.7970, -234.8839, -230.7085, 791.4623, 716.1496, 854.0780, 858.2380
155, 3484, -1122.6700, -1190.3762, -1065.6395, -1060.9607, 1624.9602, 1557.2153, 1681.9907, 1686.6309
156, 3484, -3217.9275, -3288.4746, -3156.2786, -3148.5796, 3711.2734, 3640.6287, 3772.9224, 3780.5237
157, 3484, -8490.2080, -8561.4785, -8427.9795, -8420.2676, 8981.8770, 8910.3604, 9044.1055, 9051.5713
158, 3484, -21781.3438, -21852.7793, -21719.0859, -21711.5020, 22272.9219, 22200.8652, 22335.1797, 22342.1426
159, 3484, -55290.7344, -55369.7070, -55223.0156, -55216.0273, 55786.7227, 55706.1836, 55854.4414, 55859.8633
160, 3484, -139785.3281, -139864.6719, -139717.1094, -139709.8906, 140283.5469, 140200.2812, 140351.7656, 140355.0625
164, 3484, -2809830.5000, -2809862.5000, -2809768.5000, -2809721.5000, 2810322.0000, 2810211.0000, 2810384.0000, 2810352.0000
165, 3484, -7059615.0000, -7059596.0000, -7059547.0000, -7059442.0000, 7060111.0000, 7059932.0000, 7060179.0000, 7060086.0000
166, 3484, -17794718.0000, -17794552.0000, -17794650.0000, -17794396.0000, 17795216.0000, 17794886.0000, 17795284.0000, 17795042.0000
167, 3484, -44868704.0000, -44868160.0000, -44868640.0000, -44868016.0000, 44869216.0000, 44868504.0000, 44869280.0000, 44868648.0000
168, 3484, -113132728.0000, -113131232.0000, -113132664.0000, -113131072.0000, 113133232.0000, 113131560.0000, 113133296.0000, 113131720.0000
169, 3484, -285250464.0000, -285246560.0000, -285250400.0000, -285246432.0000, 285250976.0000, 285246912.0000, 285251040.0000, 285247040.0000
170, 3484, -719221696.0000, -719211712.0000, -719221568.0000, -719211584.0000, 719222144.0000, 719212096.0000, 719222272.0000, 719212224.0000
171, 3484, -1813421440.0000, -1813396224.0000, -1813421440.0000, -1813395968.0000, 1813421952.0000, 1813396480.0000, 1813421952.0000, 1813396736.0000
172, 3484, -4572298240.0000, -4572234752.0000, -4572298240.0000, -4572234752.0000, 4572299264.0000, 4572235776.0000, 4572299264.0000, 4572235776.0000
176, 3484, -91752333312.0000, -91751047168.0000, -91752333312.0000, -91751047168.0000, 91752333312.0000, 91751047168.0000, 91752333312.0000, 91751047168.0000
177, 3484, -230512951296.0000, -230509707264.0000, -230512951296.0000, -230509707264.0000, 230512951296.0000, 230509707264.0000, 230512951296.0000, 230509707264.0000
178, 3484, -581026971648.0000, -581018714112.0000, -581026971648.0000, -581018714112.0000, 581026971648.0000, 581018714112.0000, 581026971648.0000, 581018714112.0000
179, 3484, -1465025036288.0000, -1465004326912.0000, -1465025036288.0000, -1465004326912.0000, 1465025036288.0000, 1465004326912.0000, 1465025036288.0000, 1465004326912.0000
171, 3492, 158.8008, 184.0085, 207.1323, 293.6839, 174.3505, 199.5583, 222.6821, 309.2337
172, 3492, 145.3352, 165.4030, 197.0754, 282.8134, 186.1556, 206.2234, 237.8958, 323.6338
173, 3492, 107.1164, 132.6561, 159.1969, 250.8387, 211.4877, 237.0272, 263.5682, 355.2098
174, 3492, 25.5035, 52.6617, 77.5603, 170.7906, 289.7654, 316.9232, 341.8222, 435.0521
175, 3492, -176.8730, -149.4901, -124.8488, -31.4352, 491.8605, 519.2426, 543.8847, 637.2975
184, 3492, -161041.2500, -160999.6875, -160962.1875, -160820.2812, 161281.9375, 161323.0625, 161361.0000, 161502.4688
185, 3492, -404598.0000, -404547.6250, -404522.8750, -404377.1250, 404841.6250, 404890.8750, 404916.7500, 405061.3750
185, 3497, 245.3205, 159.9130, 307.9879, 302.1198, 269.3859, 183.9782, 332.0533, 326.1850
186, 3497, 217.1726, 135.8235, 284.8134, 289.3159, 282.7318, 201.3823, 350.3727, 354.8748
194, 3501, 252.2251, 160.2251, 320.2661, 314.6251, 267.7749, 175.7749, 335.8159, 330.1749
191, 3499, 278.9892, 159.6207, 340.8185, 299.9265, 327.1816, 207.8137, 389.0109, 348.1194
192, 3499, 250.7121, 131.8372, 308.0146, 261.8714, 372.2861, 253.4124, 429.5887, 383.4466
193, 3499, 159.9903, 40.4324, 216.7746, 169.2908, 466.7991, 347.2441, 523.5834, 476.1027
194, 3499, -74.2272, -194.1420, -17.4233, -65.2387, 701.2861, 581.3788, 758.0900, 710.2821
195, 3499, -673.1990, -792.8133, -611.3177, -652.3890, 1282.7700, 1163.1746, 1344.6514, 1303.5989
196, 3499, -2163.3186, -2282.2759, -2100.9597, -2140.7686, 2768.8367, 2649.9270, 2831.1956, 2791.4343
206, 3509, 147.9359, 197.2059, 175.9684, 260.8184, 172.0009, 221.2709, 200.0334, 284.8834
207, 3509, 122.4430, 176.6274, 153.1165, 246.2331, 188.0013, 242.1858, 218.6749, 311.7914
208, 3509, 69.7125, 125.2757, 100.6326, 195.4408, 239.1692, 294.7324, 270.0893, 364.8975
217, 3520, 318.6533, 170.0696, 380.8734, 311.2596, 342.7187, 194.1348, 404.9387, 335.3248
218, 3520, 299.8514, 151.2084, 362.0714, 292.3984, 365.4106, 216.7673, 427.6306, 357.9573
197, 3504, 155.0763, 169.9135, 186.0226, 240.1379, 232.5573, 247.3939, 263.5036, 317.6183
198, 3504, 92.4851, 112.1029, 121.0301, 176.8784, 288.6910, 308.3073, 317.2360, 373.0828
199, 3504, -55.8822, -38.0702, -25.2299, 31.4872, 439.7939, 457.6022, 470.4462, 527.1596
200, 3504, -437.4914, -416.0854, -406.6102, -346.0086, 814.7802, 836.1768, 845.6614, 906.2536
201, 3504, -1389.6466, -1368.7815, -1361.1307, -1304.0720, 1768.8188, 1789.6602, 1797.3347, 1854.3696
202, 3504, -3791.4307, -3769.3455, -3765.3535, -3710.1702, 4172.9570, 4194.9824, 4199.0342, 4254.1572
206, 3504, -79726.7734, -79705.0547, -79700.7891, -79646.0703, 80102.1953, 80122.7109, 80128.1797, 80181.6953
207, 3504, -200589.0938, -200562.7500, -200558.5312, -200493.3750, 200957.2188, 200980.5625, 200987.7812, 201049.9375
208, 3504, -505878.6250, -505851.8125, -505847.6250, -505781.5000, 506252.5000, 506271.7500, 506283.5000, 506342.0625
209, 3504, -1275829.2500, -1275797.7500, -1275795.7500, -1275721.7500, 1276199.8750, 1276212.5000, 1276233.3750, 1276288.5000
210, 3504, -3217169.2500, -3217126.0000, -3217132.7500, -3217043.0000, 3217539.2500, 3217535.0000, 3217575.7500, 3217618.0000
211, 3504, -8111973.0000, -8111891.5000, -8111939.0000, -8111814.5000, 8112344.0000, 8112305.0000, 8112378.0000, 8112382.0000
212, 3504, -20453550.0000, -20453378.0000, -20453514.0000, -20453294.0000, 20453918.0000, 20453786.0000, 20453954.0000, 20453870.0000
213, 3504, -51571168.0000, -51570760.0000, -51571128.0000, -51570680.0000, 51571532.0000, 51571168.0000, 51571572.0000, 51571248.0000
214, 3504, -130030040.0000, -130029048.0000, -130030008.0000, -130028968.0000, 130030416.0000, 130029464.0000, 130030448.0000, 130029544.0000
215, 3504, -327853536.0000, -327851040.0000, -327853472.0000, -327850976.0000, 327853920.0000, 327851488.0000, 327853984.0000, 327851552.0000
216, 3504, -826638848.0000, -826632640.0000, -826638848.0000, -826632512.0000, 826639232.0000, 826633024.0000, 826639232.0000, 826633152.0000
214, 3517, 139.6993, 193.4238, 170.7338, 263.8486, 163.7645, 217.4890, 194.7990, 287.9138
215, 3517, 115.6041, 169.1304, 148.9442, 244.7873, 181.1629, 234.6892, 214.5030, 310.3461
216, 3517, 65.6544, 119.6838, 96.7134, 190.1642, 235.1122, 289.1417, 266.1712, 359.6221
217, 3517, -68.7794, -11.9980, -32.3803, 70.5998, 361.5861, 418.3676, 397.9851, 500.9654
218, 3517, -398.6491, -340.4780, -361.7513, -256.7489, 690.3063, 748.4777, 727.2040, 832.2068
219, 3517, -1228.1617, -1174.9409, -1188.2675, -1084.4121, 1519.4521, 1572.6737, 1559.3464, 1663.2025
220, 3517, -3318.4622, -3261.2581, -3281.3552, -3177.0540, 3610.6973, 3667.9036, 3647.8042, 3752.1077
221, 3517, -8594.9082, -8531.9062, -8558.1621, -8448.5215, 8877.0713, 8940.0791, 8913.8174, 9023.4639
222, 3517, -21887.4902, -21828.2480, -21847.7051, -21737.9707, 22166.5098, 22225.7676, 22206.2949, 22316.0449
228, 3529, 213.3006, 189.7534, 256.6413, 288.1041, 228.8505, 205.3033, 272.1912, 303.6539
229, 3529, 204.0850, 178.0694, 241.6649, 263.3468, 244.9057, 218.8900, 282.4856, 304.1673
235, 3538, 209.9958, 180.9869, 261.1212, 297.0014, 234.0610, 205.0521, 285.1864, 321.0665
236, 3538, 182.9300, 160.0356, 235.1893, 278.6233, 248.4888, 225.5944, 300.7481, 344.1821
237, 3538, 133.6054, 114.5962, 181.9553, 224.3127, 303.0632, 284.0539, 351.4131, 393.7704
238, 3538, -0.6560, -21.1758, 51.0686, 96.1990, 429.7093, 409.1894, 481.4339, 526.5641
239, 3538, -330.6660, -351.4221, -278.5943, -233.2597, 758.2889, 737.5324, 810.3606, 855.6949
235, 3537, 126.8421, 182.5921, 174.3431, 290.3827, 150.9073, 206.6573, 198.4083, 314.4479
236, 3537, 94.4583, 152.8821, 146.2172, 270.3350, 160.0172, 218.4410, 211.7761, 335.8939
237, 3537, 46.7852, 99.6201, 98.9211, 217.9285, 216.2431, 269.0782, 268.3791, 387.3865
238, 3537, -81.8379, -24.1481, -29.7539, 94.0426, 348.5277, 406.2178, 400.6118, 524.4085
239, 3537, -417.1034, -357.9940, -365.0686, -239.9151, 671.8524, 730.9626, 723.8872, 849.0416
243, 3537, -10838.1846, -10758.0996, -10775.7568, -10616.4355, 11041.9043, 11122.0068, 11104.3320, 11263.6709
244, 3537, -27391.5195, -27301.2949, -27329.1797, -27159.8340, 27579.3066, 27669.5742, 27641.6465, 27811.0352
245, 3537, -69187.3750, -69095.0547, -69125.1094, -68953.7578, 69371.5859, 69464.0078, 69433.8516, 69605.3047
233, 3534, 89.7665, 180.8768, 137.7881, 289.8488, 113.8315, 204.9418, 161.8531, 313.9138
234, 3534, 68.1253, 153.0130, 119.9596, 270.6368, 133.6837, 218.5714, 185.5180, 336.1952
235, 3534, 10.0844, 99.9746, 62.2299, 218.3047, 179.5412, 269.4313, 231.6867, 387.7614
236, 3534, -121.7643, -30.4848, -69.6798, 87.7067, 308.5986, 399.8777, 360.6830, 518.0693
237, 3534, -457.6334, -359.6468, -405.5989, -241.5687, 631.3155, 729.3013, 683.3499, 847.3794
238, 3534, -1298.9724, -1199.3359, -1237.3098, -1059.4097, 1448.6249, 1548.2595, 1510.2875, 1688.1858
239, 3534, -3399.8833, -3290.8723, -3337.3843, -3149.0486, 3529.2344, 3638.2410, 3591.7334, 3780.0647
240, 3534, -8673.2891, -8562.1006, -8610.8926, -8420.5107, 8798.5869, 8909.7637, 8860.9834, 9051.3535
241, 3534, -21971.4004, -21852.9141, -21909.1074, -21711.5586, 22082.3359, 22200.7949, 22144.6289, 22342.1504
242, 3534, -55487.8750, -55361.7070, -55430.6328, -55231.8086, 55588.2461, 55714.3477, 55645.4883, 55844.2461
247, 3542, 127.1822, 209.4386, 174.4982, 316.8083, 151.2474, 233.5038, 198.5634, 340.8734
251, 3542, -150.2354, -51.9483, -102.3162, 56.7910, 397.9286, 496.2145, 445.8479, 604.9537
229, 3531, 310.3713, 161.4955, 373.0966, 303.8326, 334.4365, 185.5606, 397.1617, 327.8976
233, 3531, 57.7828, -104.2667, 119.4271, 35.6184, 605.9466, 443.8950, 667.5910, 583.7800
234, 3531, -365.4511, -522.2362, -297.7753, -368.6646, 1014.7681, 857.9777, 1082.4438, 1011.5493
235, 3531, -1408.9625, -1571.8427, -1340.7408, -1417.0326, 2071.4409, 1908.5471, 2139.6626, 2063.3572
236, 3531, -4055.6445, -4214.2642, -3992.9346, -4071.9612, 4721.0566, 4562.4033, 4783.7666, 4704.7061
237, 3531, -10741.0498, -10890.7617, -10678.9580, -10749.8613, 11389.3818, 11239.5840, 11451.4736, 11380.4844
238, 3531, -27577.6953, -27731.2754, -27510.0781, -27577.8379, 28222.0000, 28068.2031, 28289.6172, 28221.6406
239, 3531, -70024.0000, -70172.1172, -69961.2812, -70029.7891, 70667.9375, 70519.2812, 70730.6562, 70661.6094
240, 3531, -177046.7500, -177208.0781, -176979.1250, -177054.6094, 177691.0938, 177528.3906, 177758.7188, 177681.8594
241, 3531, -446889.3750, -447044.7500, -446821.2500, -446890.1250, 447535.0312, 447376.1250, 447603.1562, 447530.7500
242, 3531, -1127263.1250, -1127399.6250, -1127200.3750, -1127257.3750, 1127908.1250, 1127762.8750, 1127970.8750, 1127905.1250
243, 3531, -2842733.5000, -2842859.5000, -2842671.5000, -2842718.5000, 2843377.5000, 2843229.2500, 2843439.5000, 2843370.2500
244, 3531, -7168069.0000, -7168173.5000, -7168001.0000, -7168020.5000, 7168695.0000, 7168534.5000, 7168763.0000, 7168687.5000
245, 3531, -18073792.0000, -18073856.0000, -18073728.0000, -18073712.0000, 18074430.0000, 18074224.0000, 18074494.0000, 18074368.0000
246, 3531, -45571120.0000, -45571084.0000, -45571056.0000, -45570940.0000, 45571760.0000, 45571432.0000, 45571824.0000, 45571576.0000
250, 3531, -914481664.0000, -914478272.0000, -914481664.0000, -914478144.0000, 914482432.0000, 914478656.0000, 914482432.0000, 914478784.0000
251, 3531, -2297488128.0000, -2297479424.0000, -2297488128.0000, -2297479424.0000, 2297488896.0000, 2297479936.0000, 2297488896.0000, 2297479936.0000
252, 3531, -5791008768.0000, -5790987264.0000, -5791008768.0000, -5790987264.0000, 5791009792.0000, 5790987264.0000, 5791009792.0000, 5790987264.0000
253, 3531, -14601687040.0000, -14601631744.0000, -14601687040.0000, -14601631744.0000, 14601688064.0000, 14601631744.0000, 14601688064.0000, 14601631744.0000
294, 3557, 458.3011, 195.8200, 498.3397, 286.6761, 535.7827, 273.3011, 575.8211, 364.1572
295, 3557, 404.9332, 136.8955, 444.9709, 227.7499, 601.1403, 333.1016, 641.1780, 423.9560
296, 3557, 261.1831, -12.7559, 301.2001, 78.0515, 756.8622, 482.9207, 796.8792, 573.7281
297, 3557, -105.3758, -391.0742, -65.3693, -300.2907, 1146.9036, 861.1987, 1186.9099, 951.9822
298, 3557, -1046.0033, -1344.2024, -1006.0010, -1253.4282, 2112.4814, 1814.2662, 2152.4839, 1905.0404
296, 3561, 130.4419, 205.2010, 156.4419, 264.2010, 154.5069, 229.2661, 180.5069, 288.2661
297, 3561, 113.8082, 184.4779, 139.8082, 243.4779, 179.3665, 250.0367, 205.3665, 309.0367
301, 3561, -535.7981, -474.2915, -509.7981, -415.2915, 838.4464, 899.9641, 864.4464, 958.9641
302, 3561, -1579.2405, -1514.3795, -1553.2405, -1455.3795, 1874.9832, 1939.8718, 1900.9832, 1998.8718
303, 3561, -4203.7646, -4141.1406, -4177.7646, -4082.1406, 4504.1211, 4566.8149, 4530.1211, 4625.8149
304, 3561, -10827.7256, -10765.8271, -10801.7256, -10706.8271, 11129.5967, 11191.6719, 11155.5967, 11250.6719
305, 3561, -27527.6348, -27465.9844, -27501.6348, -27406.9844, 27836.4062, 27898.5000, 27862.4062, 27957.5000
316, 3570, 283.4153, 202.1736, 311.7740, 266.5266, 298.9650, 217.7236, 327.3237, 282.0765
311, 3568, 406.3323, 161.9675, 468.5524, 303.1575, 430.3974, 186.0325, 492.6174, 327.2225
312, 3568, 386.4135, 119.6931, 460.0312, 286.7469, 451.9719, 185.2514, 525.5897, 352.3052
313, 3568, 350.2224, 85.6282, 413.6188, 229.4878, 519.6791, 255.0847, 583.0756, 398.9443
319, 3572, 118.0919, 201.4111, 146.4922, 265.8583, 142.1570, 225.4763, 170.5572, 289.9234
320, 3572, 92.4561, 185.7407, 120.8267, 250.1207, 158.0145, 251.2994, 186.3851, 315.6794
321, 3572, 36.9323, 130.4266, 67.6502, 200.1330, 206.3891, 299.8842, 237.1070, 369.5906
322, 3572, -98.1518, -6.9230, -64.6889, 69.0126, 332.2110, 423.4418, 365.6739, 499.3774
323, 3572, -432.4202, -340.5081, -395.7278, -257.2445, 656.5285, 748.4458, 693.2209, 831.7095
322, 3573, 199.1326, 186.2567, 250.7785, 303.4532, 214.6824, 201.8065, 266.3283, 319.0031
323, 3573, 183.9271, 178.5825, 232.3801, 288.5334, 224.7475, 219.4033, 273.2005, 329.3541
324, 3573, 151.4141, 147.7717, 199.3603, 256.5725, 255.7854, 252.1438, 303.7316, 360.9446
325, 3573, 66.3002, 61.6417, 118.0558, 179.0870, 330.5623, 325.9057, 382.3179, 443.3511
326, 3573, -143.3995, -141.5388, -91.2896, -23.2894, 525.3345, 527.2003, 577.4444, 645.4496
341, 3582, 237.7523, 172.7493, 281.7003, 272.4773, 285.9448, 220.9417, 329.8927, 320.6698
342, 3582, 199.5842, 134.7908, 243.7444, 235.0005, 321.1582, 256.3648, 365.3184, 356.5746
343, 3585, 362.3537, 62.3037, 430.4864, 216.9117, 577.3914, 277.3397, 645.5241, 431.9476
339, 3584, 111.7362, 171.2468, 181.6377, 329.8691, 135.8013, 195.3119, 205.7028, 353.9342
338, 3583, 565.9039, 198.1877, 609.7888, 297.7726, 589.9692, 222.2531, 633.8541, 321.8380
339, 3583, 545.2738, 183.2959, 589.1647, 282.8946, 610.8329, 248.8552, 654.7238, 348.4539
340, 3583, 492.7193, 132.4272, 532.9803, 223.7887, 662.1780, 301.8862, 702.4390, 393.2478
341, 3583, 362.1511, 11.9579, 395.9906, 88.7480, 792.5186, 442.3265, 826.3582, 519.1166
342, 3583, 26.7468, -332.2965, 69.8200, -234.5530, 1115.7074, 756.6668, 1158.7806, 854.4103
343, 3583, -803.0269, -1163.5317, -762.6335, -1071.8694, 1944.6001, 1584.1023, 1984.9937, 1675.7644
344, 3583, -2899.9126, -3260.5303, -2856.2720, -3161.4995, 4029.2800, 3668.6799, 4072.9207, 3767.7107
283, 3553, 171.1134, 200.2959, 197.1134, 259.2959, 195.1785, 224.3610, 221.1785, 283.3610
284, 3553, 150.2983, 180.3954, 176.2983, 239.3954, 215.8570, 245.9541, 241.8570, 304.9541
285, 3553, 101.6010, 131.8199, 127.6010, 190.8199, 271.0588, 301.2776, 297.0588, 360.2776
286, 3553, -27.9940, 2.1550, -1.9940, 61.1550, 402.3712, 432.5202, 428.3712, 491.5202
287, 3553, -357.2153, -323.8541, -331.2153, -264.8541, 731.7394, 765.1006, 757.7394, 824.1006
288, 3553, -1183.3542, -1155.7258, -1157.3542, -1096.7258, 1564.2581, 1591.8862, 1590.2581, 1650.8862
289, 3553, -3270.1790, -3250.1892, -3241.9875, -3186.2161, 3658.9771, 3678.9658, 3687.1685, 3742.9390
290, 3553, -8537.2197, -8522.1377, -8508.8271, -8457.7100, 8934.7529, 8949.8311, 8963.1455, 9014.2588
291, 3553, -21820.6230, -21810.3691, -21794.4316, -21750.9355, 22233.3574, 22243.6035, 22259.5488, 22303.0371
292, 3553, -55329.8164, -55324.1328, -55301.6758, -55260.2734, 55746.9219, 55752.5859, 55775.0625, 55816.4453
293, 3553, -139824.7188, -139819.5625, -139796.3750, -139755.2188, 140242.3594, 140247.4531, 140270.7031, 140311.7969
294, 3553, -352868.5000, -352865.6875, -352837.7500, -352795.9375, 353283.6250, 353286.3125, 353314.3750, 353356.0625
295, 3553, -890023.1875, -890017.6250, -889996.8125, -889957.6250, 890444.8125, 890450.0000, 890471.1875, 890510.0000
296, 3553, -2244393.5000, -2244390.7500, -2244365.5000, -2244326.7500, 2244817.2500, 2244819.0000, 2244845.2500, 2244883.0000
297, 3553, -5659250.5000, -5659255.0000, -5659222.5000, -5659191.0000, 5659690.0000, 5659683.5000, 5659718.0000, 5659747.5000
298, 3553, -14269369.0000, -14269376.0000, -14269343.0000, -14269316.0000, 14269816.0000, 14269803.0000, 14269842.0000, 14269863.0000
299, 3553, -35978628.0000, -35978636.0000, -35978604.0000, -35978580.0000, 35979088.0000, 35979064.0000, 35979112.0000, 35979120.0000
300, 3553, -90715624.0000, -90715616.0000, -90715592.0000, -90715552.0000, 90716072.0000, 90716040.0000, 90716104.0000, 90716104.0000
301, 3553, -228727568.0000, -228727520.0000, -228727536.0000, -228727456.0000, 228728016.0000, 228727968.0000, 228728048.0000, 228728032.0000
302, 3553, -576706112.0000, -576705984.0000, -576706112.0000, -576705856.0000, 576706560.0000, 576706368.0000, 576706560.0000, 576706496.0000
303, 3553, -1454087168.0000, -1454086656.0000, -1454087168.0000, -1454086656.0000, 1454087680.0000, 1454087168.0000, 1454087680.0000, 1454087168.0000
304, 3553, -3666285568.0000, -3666284288.0000, -3666285568.0000, -3666284288.0000, 3666286080.0000, 3666284800.0000, 3666286080.0000, 3666284800.0000
305, 3553, -9244045312.0000, -9244043264.0000, -9244045312.0000, -9244043264.0000, 9244045312.0000, 9244043264.0000, 9244045312.0000, 9244043264.0000
306, 3553, -23307616256.0000, -23307612160.0000, -23307616256.0000, -23307612160.0000, 23307616256.0000, 23307612160.0000, 23307616256.0000, 23307612160.0000
307, 3553, -58767015936.0000, -58767007744.0000, -58767015936.0000, -58767007744.0000, 58767015936.0000, 58767007744.0000, 58767015936.0000, 58767007744.0000
308, 3553, -148173111296.0000, -148173094912.0000, -148173111296.0000, -148173094912.0000, 148173111296.0000, 148173094912.0000, 148173111296.0000, 148173094912.0000
309, 3553, -373598552064.0000, -373598519296.0000, -373598552064.0000, -373598519296.0000, 373598552064.0000, 373598519296.0000, 373598552064.0000, 373598519296.0000
310, 3553, -941978419200.0000, -941978419200.0000, -941978419200.0000, -941978419200.0000, 941978419200.0000, 941978419200.0000, 941978419200.0000, 941978419200.0000
311, 3553, -2375071825920.0000, -2375071825920.0000, -2375071825920.0000, -2375071825920.0000, 2375071825920.0000, 2375071825920.0000, 2375071825920.0000, 2375071825920.0000
312, 3553, -5988423827456.0000, -5988423827456.0000, -5988423827456.0000, -5988423827456.0000, 5988423827456.0000, 5988423827456.0000, 5988423827456.0000, 5988423827456.0000
313, 3553, -15099004715008.0000, -15099004715008.0000, -15099004715008.0000, -15099004715008.0000, 15099004715008.0000, 15099004715008.0000, 15099004715008.0000, 15099004715008.0000
314, 3553, -38070107766784.0000, -38070107766784.0000, -38070107766784.0000, -38070107766784.0000, 38070107766784.0000, 38070107766784.0000, 38070107766784.0000, 38070107766784.0000
315, 3553, -95988643528704.0000, -95988643528704.0000, -95988643528704.0000, -95988643528704.0000, 95988643528704.0000, 95988643528704.0000, 95988643528704.0000, 95988643528704.0000
316, 3553, -242022447316992.0000, -242022447316992.0000, -242022447316992.0000, -242022447316992.0000, 242022447316992.0000, 242022447316992.0000, 242022447316992.0000, 242022447316992.0000
317, 3553, -610227007258624.0000, -610227007258624.0000, -610227007258624.0000, -610227007258624.0000, 610227007258624.0000, 610227007258624.0000, 610227007258624.0000, 610227007258624.0000
318, 3553, -1538605327581184.0000, -1538605327581184.0000, -1538605327581184.0000, -1538605327581184.0000, 1538605327581184.0000, 1538605327581184.0000, 1538605327581184.0000, 1538605327581184.0000
319, 3553, -3879386260439040.0000, -3879386260439040.0000, -3879386260439040.0000, -3879386260439040.0000, 3879386260439040.0000, 3879386260439040.0000, 3879386260439040.0000, 3879386260439040.0000
320, 3553, -9781349929975808.0000, -9781349929975808.0000, -9781349929975808.0000, -9781349929975808.0000, 9781349929975808.0000, 9781349929975808.0000, 9781349929975808.0000, 9781349929975808.0000
321, 3553, -24662359343628288.0000, -24662359343628288.0000, -24662359343628288.0000, -24662359343628288.0000, 24662359343628288.0000, 24662359343628288.0000, 24662359343628288.0000, 24662359343628288.0000
322, 3553, -62182819979329536.0000, -62182819979329536.0000, -62182819979329536.0000, -62182819979329536.0000, 62182819979329536.0000, 62182819979329536.0000, 62182819979329536.0000, 62182819979329536.0000
323, 3553, -156785616476962816.0000, -156785616476962816.0000, -156785616476962816.0000, -156785616476962816.0000, 156785616476962816.0000, 156785616476962816.0000, 156785616476962816.0000, 156785616476962816.0000
324, 3553, -395313806445641728.0000, -395313806445641728.0000, -395313806445641728.0000, -395313806445641728.0000, 395313806445641728.0000, 395313806445641728.0000, 395313806445641728.0000, 395313806445641728.0000
325, 3553, -996730517762080768.0000, -996730517762080768.0000, -996730517762080768.0000, -996730517762080768.0000, 996730517762080768.0000, 996730517762080768.0000, 996730517762080768.0000, 996730517762080768.0000
326, 3553, -2513121841770397696.0000, -2513121841770397696.0000, -2513121841770397696.0000, -2513121841770397696.0000, 2513121841770397696.0000, 2513121841770397696.0000, 2513121841770397696.0000, 2513121841770397696.0000
327, 3553, -6336498705012621312.0000, -6336498705012621312.0000, -6336498705012621312.0000, -6336498705012621312.0000, 6336498705012621312.0000, 6336498705012621312.0000, 6336498705012621312.0000, 6336498705012621312.0000
328, 3553, -15976627430236356608.0000, -15976627430236356608.0000, -15976627430236356608.0000, -15976627430236356608.0000, 15976627430236356608.0000, 15976627430236356608.0000, 15976627430236356608.0000, 15976627430236356608.0000
329, 3553, -40282913059945578496.0000, -40282913059945578496.0000, -40282913059945578496.0000, -40282913059945578496.0000, 40282913059945578496.0000, 40282913059945578496.0000, 40282913059945578496.0000, 40282913059945578496.0000
330, 3553, -101567949565761421312.0000, -101567949565761421312.0000, -101567949565761421312.0000, -101567949565761421312.0000, 101567949565761421312.0000, 101567949565761421312.0000, 101567949565761421312.0000, 101567949565761421312.0000
331, 3553, -256089909645400866816.0000, -256089909645400866816.0000, -256089909645400866816.0000, -256089909645400866816.0000, 256089909645400866816.0000, 256089909645400866816.0000, 256089909645400866816.0000, 256089909645400866816.0000
332, 3553, -645696207856106209280.0000, -645696207856106209280.0000, -645696207856106209280.0000, -645696207856106209280.0000, 645696207856106209280.0000, 645696207856106209280.0000, 645696207856106209280.0000, 645696207856106209280.0000
333, 3553, -1628036065645691928576.0000, -1628036065645691928576.0000, -1628036065645691928576.0000, -1628036065645691928576.0000, 1628036065645691928576.0000, 1628036065645691928576.0000, 1628036065645691928576.0000, 1628036065645691928576.0000
334, 3553, -4104873715836225847296.0000, -4104873715836225847296.0000, -4104873715836225847296.0000, -4104873715836225847296.0000, 4104873715836225847296.0000, 4104873715836225847296.0000, 4104873715836225847296.0000, 4104873715836225847296.0000
335, 3553, -10349886685046535880704.0000, -10349886685046535880704.0000, -10349886685046535880704.0000, -10349886685046535880704.0000, 10349886685046535880704.0000, 10349886685046535880704.0000, 10349886685046535880704.0000, 10349886685046535880704.0000
336, 3553, -26095844580220137897984.0000, -26095844580220137897984.0000, -26095844580220137897984.0000, -26095844580220137897984.0000, 26095844580220137897984.0000, 26095844580220137897984.0000, 26095844580220137897984.0000, 26095844580220137897984.0000
337, 3553, -65797158210318718992384.0000, -65797158210318718992384.0000, -65797158210318718992384.0000, -65797158210318718992384.0000, 65797158210318718992384.0000, 65797158210318718992384.0000, 65797158210318718992384.0000, 65797158210318718992384.0000
338, 3553, -165898667127882733584384.0000, -165898667127882733584384.0000, -165898667127882733584384.0000, -165898667127882733584384.0000, 165898667127882733584384.0000, 165898667127882733584384.0000, 165898667127882733584384.0000, 165898667127882733584384.0000
339, 3553, -418291162856033999650816.0000, -418291162856033999650816.0000, -418291162856033999650816.0000, -418291162856033999650816.0000, 418291162856033999650816.0000, 418291162856033999650816.0000, 418291162856033999650816.0000, 418291162856033999650816.0000
340, 3553, -1054664850240639011389440.0000, -1054664850240639011389440.0000, -1054664850240639011389440.0000, -1054664850240639011389440.0000, 1054664850240639011389440.0000, 1054664850240639011389440.0000, 1054664850240639011389440.0000, 1054664850240639011389440.0000
341, 3553, -2659195580092371144015872.0000, -2659195580092371144015872.0000, -2659195580092371144015872.0000, -2659195580092371144015872.0000, 2659195580092371144015872.0000, 2659195580092371144015872.0000, 2659195580092371144015872.0000, 2659195580092371144015872.0000
342, 3553, -6704803480826072520458240.0000, -6704803480826072520458240.0000, -6704803480826072520458240.0000, -6704803480826072520458240.0000, 6704803480826072520458240.0000, 6704803480826072520458240.0000, 6704803480826072520458240.0000, 6704803480826072520458240.0000
343, 3553, -16905260351934086644760576.0000, -16905260351934086644760576.0000, -16905260351934086644760576.0000, -16905260351934086644760576.0000, 16905260351934086644760576.0000, 16905260351934086644760576.0000, 16905260351934086644760576.0000, 16905260351934086644760576.0000
344, 3553, -42624338128798449632542720.0000, -42624338128798449632542720.0000, -42624338128798449632542720.0000, -42624338128798449632542720.0000, 42624338128798449632542720.0000, 42624338128798449632542720.0000, 42624338128798449632542720.0000, 42624338128798449632542720.0000
345, 3553, -107471524183427017225535488.0000, -107471524183427017225535488.0000, -107471524183427017225535488.0000, -107471524183427017225535488.0000, 107471524183427017225535488.0000, 107471524183427017225535488.0000, 107471524183427017225535488.0000, 107471524183427017225535488.0000
346, 3553, -270974996597258650065567744.0000, -270974996597258650065567744.0000, -270974996597258650065567744.0000, -270974996597258650065567744.0000, 270974996597258650065567744.0000, 270974996597258650065567744.0000, 270974996597258650065567744.0000, 270974996597258650065567744.0000
347, 3553, -683226965227192220519497728.0000, -683226965227192220519497728.0000, -683226965227192220519497728.0000, -683226965227192220519497728.0000, 683226965227192220519497728.0000, 683226965227192220519497728.0000, 683226965227192220519497728.0000, 683226965227192220519497728.0000
202, 3507, 244.4232, 161.3054, 306.3434, 301.8183, 268.4885, 185.3705, 330.4087, 325.8835
203, 3507, 230.5008, 140.7879, 292.8734, 282.3266, 296.0599, 206.3467, 358.4326, 347.8854
204, 3507, 180.4862, 80.8989, 242.8022, 222.3085, 349.9449, 250.3568, 412.2609, 391.7664
205, 3507, 50.2890, -51.6411, 112.5488, 89.6404, 480.6566, 378.7245, 542.9164, 520.0060
206, 3507, -279.1618, -381.1165, -216.9273, -239.8927, 809.7990, 707.8393, 872.0335, 849.0630
207, 3507, -1108.6576, -1201.9916, -1046.4327, -1060.7897, 1638.9700, 1545.6234, 1701.1948, 1686.8253
208, 3507, -3199.5361, -3290.3379, -3137.3145, -3149.1436, 3729.6582, 3638.8242, 3791.8799, 3780.0186
209, 3507, -8471.0166, -8561.4199, -8408.7959, -8420.2285, 9001.0518, 8910.5664, 9063.2725, 9051.7578
210, 3507, -21762.1074, -21852.6191, -21699.8887, -21711.4277, 22292.1152, 22201.3965, 22354.3340, 22342.5879
211, 3507, -55273.6758, -55364.2188, -55211.4570, -55223.0312, 55803.6719, 55712.6094, 55865.8906, 55853.7969
212, 3507, -139769.3125, -139859.5625, -139707.0938, -139718.3750, 140299.3125, 140207.7188, 140361.5312, 140348.9062
213, 3507, -352804.8125, -352902.2812, -352742.5625, -352761.0938, 353351.2188, 353250.3438, 353413.4688, 353391.5312
217, 3507, -7084946.0000, -7085012.5000, -7084884.0000, -7084871.5000, 7085496.0000, 7085360.5000, 7085558.0000, 7085501.5000
218, 3507, -17800200.0000, -17800214.0000, -17800136.0000, -17800074.0000, 17800748.0000, 17800562.0000, 17800812.0000, 17800702.0000
224, 3507, -1094990592.0000, -1094985216.0000, -1094990592.0000, -1094984960.0000, 1094991104.0000, 1094985472.0000, 1094991104.0000, 1094985728.0000
225, 3507, -2749961216.0000, -2749947392.0000, -2749961216.0000, -2749947392.0000, 2749961728.0000, 2749947904.0000, 2749961728.0000, 2749947904.0000
226, 3507, -6931039232.0000, -6931003392.0000, -6931039232.0000, -6931003392.0000, 6931039232.0000, 6931004416.0000, 6931039232.0000, 6931004416.0000
227, 3507, -17475899392.0000, -17475811328.0000, -17475899392.0000, -17475811328.0000, 17475899392.0000, 17475811328.0000, 17475899392.0000, 17475811328.0000
228, 3507, -44063641600.0000, -44063416320.0000, -44063641600.0000, -44063416320.0000, 44063641600.0000, 44063416320.0000, 44063641600.0000, 44063416320.0000
229, 3507, -111100805120.0000, -111100231680.0000, -111100805120.0000, -111100231680.0000, 111100805120.0000, 111100231680.0000, 111100805120.0000, 111100231680.0000
230, 3507, -280125833216.0000, -280124391424.0000, -280125833216.0000, -280124391424.0000, 280125833216.0000, 280124391424.0000, 280125833216.0000, 280124391424.0000
231, 3507, -706299691008.0000, -706296020992.0000, -706299691008.0000, -706296020992.0000, 706299691008.0000, 706296020992.0000, 706299691008.0000, 706296020992.0000
232, 3507, -1780839612416.0000, -1780830437376.0000, -1780839612416.0000, -1780830437376.0000, 1780839612416.0000, 1780830437376.0000, 1780839612416.0000, 1780830437376.0000
233, 3507, -4490147135488.0000, -4490124066816.0000, -4490147135488.0000, -4490124066816.0000, 4490147135488.0000, 4490124066816.0000, 4490147135488.0000, 4490124066816.0000
234, 3507, -11321301008384.0000, -11321243336704.0000, -11321301008384.0000, -11321243336704.0000, 11321301008384.0000, 11321243336704.0000, 11321301008384.0000, 11321243336704.0000
235, 3507, -28545136984064.0000, -28544990183424.0000, -28545136984064.0000, -28544990183424.0000, 28545136984064.0000, 28544990183424.0000, 28545136984064.0000, 28544990183424.0000
236, 3507, -71972721524736.0000, -71972344037376.0000, -71972721524736.0000, -71972344037376.0000, 71972721524736.0000, 71972344037376.0000, 71972721524736.0000, 71972344037376.0000
237, 3507, -181469515350016.0000, -181468575825920.0000, -181469515350016.0000, -181468575825920.0000, 181469515350016.0000, 181468575825920.0000, 181469515350016.0000, 181468575825920.0000
238, 3507, -457550952660992.0000, -457548603850752.0000, -457550952660992.0000, -457548603850752.0000, 457550952660992.0000, 457548603850752.0000, 457550952660992.0000, 457548603850752.0000
239, 3507, -1153653180203008.0000, -1153647274622976.0000, -1153653180203008.0000, -1153647274622976.0000, 1153653180203008.0000, 1153647274622976.0000, 1153653180203008.0000, 1153647274622976.0000
240, 3507, -2908781096730624.0000, -2908766332780544.0000, -2908781096730624.0000, -2908766332780544.0000, 2908781096730624.0000, 2908766332780544.0000, 2908781096730624.0000, 2908766332780544.0000
241, 3507, -7334100113293312.0000, -7334062532329472.0000, -7334100113293312.0000, -7334062532329472.0000, 7334100113293312.0000, 7334062532329472.0000, 7334100113293312.0000, 7334062532329472.0000
242, 3507, -18491945185705984.0000, -18491852843909120.0000, -18491945185705984.0000, -18491852843909120.0000, 18491945185705984.0000, 18491852843909120.0000, 18491945185705984.0000, 18491852843909120.0000
243, 3507, -46624953784598528.0000, -46624717561397248.0000, -46624953784598528.0000, -46624717561397248.0000, 46624953784598528.0000, 46624717561397248.0000, 46624953784598528.0000, 46624717561397248.0000
244, 3507, -117558537701294080.0000, -117557944995807232.0000, -117558537701294080.0000, -117557944995807232.0000, 117558537701294080.0000, 117557944995807232.0000, 117558537701294080.0000, 117557944995807232.0000
245, 3507, -296408028243034112.0000, -296406550774284288.0000, -296408028243034112.0000, -296406550774284288.0000, 296408028243034112.0000, 296406550774284288.0000, 296408028243034112.0000, 296406550774284288.0000
246, 3507, -747352965525798912.0000, -747349185954578432.0000, -747352965525798912.0000, -747349185954578432.0000, 747352965525798912.0000, 747349185954578432.0000, 747352965525798912.0000, 747349185954578432.0000
247, 3507, -1884349899630182400.0000, -1884340553781346304.0000, -1884349899630182400.0000, -1884340553781346304.0000, 1884349899630182400.0000, 1884340553781346304.0000, 1884349899630182400.0000, 1884340553781346304.0000
248, 3507, -4751134879154962432.0000, -4751111239654965248.0000, -4751134879154962432.0000, -4751111239654965248.0000, 4751134879154962432.0000, 4751111239654965248.0000, 4751134879154962432.0000, 4751111239654965248.0000
249, 3507, -11979346310386941952.0000, -11979286936759042048.0000, -11979346310386941952.0000, -11979286936759042048.0000, 11979346310386941952.0000, 11979286936759042048.0000, 11979346310386941952.0000, 11979286936759042048.0000
250, 3507, -30204310092681052160.0000, -30204160559099674624.0000, -30204310092681052160.0000, -30204160559099674624.0000, 30204310092681052160.0000, 30204160559099674624.0000, 30204310092681052160.0000, 30204160559099674624.0000
251, 3507, -76156098397253664768.0000, -76155728961346732032.0000, -76156098397253664768.0000, -76155728961346732032.0000, 76156098397253664768.0000, 76155728961346732032.0000, 76156098397253664768.0000, 76155728961346732032.0000
252, 3507, -192017338484289175552.0000, -192016406098428821504.0000, -192017338484289175552.0000, -192016406098428821504.0000, 192017338484289175552.0000, 192016406098428821504.0000, 192017338484289175552.0000, 192016406098428821504.0000
253, 3507, -484145896772838883328.0000, -484143539419908931584.0000, -484145896772838883328.0000, -484143539419908931584.0000, 484145896772838883328.0000, 484143539419908931584.0000, 484145896772838883328.0000, 484143539419908931584.0000
254, 3507, -1220708560298120839168.0000, -1220702790061098270720.0000, -1220708560298120839168.0000, -1220702790061098270720.0000, 1220708560298120839168.0000, 1220702790061098270720.0000, 1220708560298120839168.0000, 1220702790061098270720.0000
255, 3507, -3077852309137358061568.0000, -3077837672438569107456.0000, -3077852309137358061568.0000, -3077837672438569107456.0000, 3077852309137358061568.0000, 3077837672438569107456.0000, 3077852309137358061568.0000, 3077837672438569107456.0000
256, 3507, -7760390645752398872576.0000, -7760353491055473065984.0000, -7760390645752398872576.0000, -7760353491055473065984.0000, 7760390645752398872576.0000, 7760353491055473065984.0000, 7760390645752398872576.0000, 7760353491055473065984.0000
257, 3507, -19566780293837339230208.0000, -19566685718245164449792.0000, -19566780293837339230208.0000, -19566685718245164449792.0000, 19566780293837339230208.0000, 19566685718245164449792.0000, 19566780293837339230208.0000, 19566685718245164449792.0000
258, 3507, -49335001873603641737216.0000, -49334763182823391100928.0000, -49335001873603641737216.0000, -49334763182823391100928.0000, 49335001873603641737216.0000, 49334763182823391100928.0000, 49335001873603641737216.0000, 49334763182823391100928.0000
259, 3507, -124391565421395727876096.0000, -124390961939045660229632.0000, -124391565421395727876096.0000, -124390961939045660229632.0000, 124391565421395727876096.0000, 124390961939045660229632.0000, 124391565421395727876096.0000, 124390961939045660229632.0000
260, 3507, -313636586772792451530752.0000, -313635073563317655044096.0000, -313636586772792451530752.0000, -313635073563317655044096.0000, 313636586772792451530752.0000, 313635073563317655044096.0000, 313636586772792451530752.0000, 313635073563317655044096.0000
261, 3507, -790792462889538237235200.0000, -790788571779460189126656.0000, -790792462889538237235200.0000, -790788571779460189126656.0000, 790792462889538237235200.0000, 790788571779460189126656.0000, 790792462889538237235200.0000, 790788571779460189126656.0000
262, 3507, -1993876717470700670025728.0000, -1993866773522723435970560.0000, -1993876717470700670025728.0000, -1993866773522723435970560.0000, 1993876717470700670025728.0000, 1993866773522723435970560.0000, 1993876717470700670025728.0000, 1993866773522723435970560.0000
263, 3507, -5027291738868816405331968.0000, -5027266951056467358121984.0000, -5027291738868816405331968.0000, -5027266951056467358121984.0000, 5027291738868816405331968.0000, 5027266951056467358121984.0000, 5027291738868816405331968.0000, 5027266951056467358121984.0000
264, 3507, -12675638685075352546443264.0000, -12675577580235608383553536.0000, -12675638685075352546443264.0000, -12675577580235608383553536.0000, 12675638685075352546443264.0000, 12675577580235608383553536.0000, 12675638685075352546443264.0000, 12675577580235608383553536.0000
265, 3507, -31959917974120529720770560.0000, -31959763482638912403275776.0000, -31959917974120529720770560.0000, -31959763482638912403275776.0000, 31959917974120529720770560.0000, 31959763482638912403275776.0000, 31959917974120529720770560.0000, 31959763482638912403275776.0000
266, 3507, -80582627684384289312473088.0000, -80582240302758741411889152.0000, -80582627684384289312473088.0000, -80582240302758741411889152.0000, 80582627684384289312473088.0000, 80582240302758741411889152.0000, 80582627684384289312473088.0000, 80582240302758741411889152.0000
267, 3507, -203178231505476146297831424.0000, -203177272274784313401147392.0000, -203178231505476146297831424.0000, -203177272274784313401147392.0000, 203178231505476146297831424.0000, 203177272274784313401147392.0000, 203178231505476146297831424.0000, 203177272274784313401147392.0000
268, 3507, -512286595706324213397716992.0000, -512284160736106483736903680.0000, -512286595706324213397716992.0000, -512284160736106483736903680.0000, 512286595706324213397716992.0000, 512284160736106483736903680.0000, 512286595706324213397716992.0000, 512284160736106483736903680.0000
269, 3507, -1291661680394505358850129920.0000, -1291655482288496592440786944.0000, -1291661680394505358850129920.0000, -1291655482288496592440786944.0000, 1291661680394505358850129920.0000, 1291655482288496592440786944.0000, 1291661680394505358850129920.0000, 1291655482288496592440786944.0000
270, 3507, -3256751120416343245048512512.0000, -3256735772725273918701568000.0000, -3256751120416343245048512512.0000, -3256735772725273918701568000.0000, 3256751120416343245048512512.0000, 3256735772725273918701568000.0000, 3256751120416343245048512512.0000, 3256735772725273918701568000.0000
271, 3507, -8211459805130606079375310848.0000, -8211420845607122404802297856.0000, -8211459805130606079375310848.0000, -8211420845607122404802297856.0000, 8211459805130606079375310848.0000, 8211420845607122404802297856.0000, 8211459805130606079375310848.0000, 8211420845607122404802297856.0000
272, 3507, -20704089559735795029066645504.0000, -20703992751222896201339764736.0000, -20704089559735795029066645504.0000, -20703992751222896201339764736.0000, 20704089559735795029066645504.0000, 20703992751222896201339764736.0000, 20704089559735795029066645504.0000, 20703992751222896201339764736.0000
273, 3507, -52202573870747990826890035200.0000, -52202333030057364474984136704.0000, -52202573870747990826890035200.0000, -52202333030057364474984136704.0000, 52202573870747990826890035200.0000, 52202333030057364474984136704.0000, 52202573870747990826890035200.0000, 52202333030057364474984136704.0000
274, 3507, -131621760831610888438973202432.0000, -131621156368701081124385849344.0000, -131621760831610888438973202432.0000, -131621156368701081124385849344.0000, 131621760831610888438973202432.0000, 131621156368701081124385849344.0000, 131621760831610888438973202432.0000, 131621156368701081124385849344.0000
275, 3507, -331866571319576094822188974080.0000, -331865022383369713578558881792.0000, -331866571319576094822188974080.0000, -331865022383369713578558881792.0000, 331866571319576094822188974080.0000, 331865022383369713578558881792.0000, 331866571319576094822188974080.0000, 331865022383369713578558881792.0000
276, 3507, -836756797120445968643705012224.0000, -836753019227259672927534055424.0000, -836756797120445968643705012224.0000, -836753019227259672927534055424.0000, 836756797120445968643705012224.0000, 836753019227259672927534055424.0000, 836756797120445968643705012224.0000, 836753019227259672927534055424.0000
277, 3507, -2109769587821576057844817461248.0000, -2109759916415019140811419811840.0000, -2109769587821576057844817461248.0000, -2109759916415019140811419811840.0000, 2109769587821576057844817461248.0000, 2109759916415019140811419811840.0000, 2109769587821576057844817461248.0000, 2109759916415019140811419811840.0000
278, 3507, -5319499675432636304362844454912.0000, -5319475496916244011779350331392.0000, -5319499675432636304362844454912.0000, -5319475496916244011779350331392.0000, 5319499675432636304362844454912.0000, 5319475496916244011779350331392.0000, 5319499675432636304362844454912.0000, 5319475496916244011779350331392.0000
279, 3507, -13412403327198111086194175508480.0000, -13412340463055491125477090787328.0000, -13412403327198111086194175508480.0000, -13412340463055491125477090787328.0000, 13412403327198111086194175508480.0000, 13412340463055491125477090787328.0000, 13412403327198111086194175508480.0000, 13412340463055491125477090787328.0000
283, 3507, -269146714298417838633126297862144.0000, -269145437672752325584717808140288.0000, -269146714298417838633126297862144.0000, -269145437672752325584717808140288.0000, 269146714298417838633126297862144.0000, 269145437672752325584717808140288.0000, 269146714298417838633126297862144.0000, 269145437672752325584717808140288.0000
284, 3507, -676187685629712869091666814828544.0000, -676184513408362200304712385822720.0000, -676187685629712869091666814828544.0000, -676184513408362200304712385822720.0000, 676187685629712869091666814828544.0000, 676184513408362200304712385822720.0000, 676187685629712869091666814828544.0000, 676184513408362200304712385822720.0000
285, 3507, -1704386716280321832801586850562048.0000, -1704378824412571388502334368645120.0000, -1704386716280321832801586850562048.0000, -1704378824412571388502334368645120.0000, 1704386716280321832801586850562048.0000, 1704378824412571388502334368645120.0000, 1704386716280321832801586850562048.0000, 1704378824412571388502334368645120.0000
286, 3507, -4297510393804246731037653367521280.0000, -4297490277278608343608186256752640.0000, -4297510393804246731037653367521280.0000, -4297490277278608343608186256752640.0000, 4297510393804246731037653367521280.0000, 4297490277278608343608186256752640.0000, 4297510393804246731037653367521280.0000, 4297490277278608343608186256752640.0000
287, 3507, -10835779533487801378952101968740352.0000, -10835728777946190678360831104647168.0000, -10835779533487801378952101968740352.0000, -10835728777946190678360831104647168.0000, 10835779533487801378952101968740352.0000, 10835728777946190678360831104647168.0000, 10835779533487801378952101968740352.0000, 10835728777946190678360831104647168.0000
288, 3507, -27321069271979857024884293412847616.0000, -27320940526215771345335703903928320.0000, -27321069271979857024884293412847616.0000, -27320940526215771345335703903928320.0000, 27321069271979857024884293412847616.0000, 27320940526215771345335703903928320.0000, 27321069271979857024884293412847616.0000, 27320940526215771345335703903928320.0000
289, 3507, -68886460943675842192247662533672960.0000, -68886134127505470851855089164877824.0000, -68886460943675842192247662533672960.0000, -68886134127505470851855089164877824.0000, 68886460943675842192247662533672960.0000, 68886134127505470851855089164877824.0000, 68886460943675842192247662533672960.0000, 68886134127505470851855089164877824.0000
290, 3507, -173687978885977251221615521896071168.0000, -173687146990270851446070789684592640.0000, -173687978885977251221615521896071168.0000, -173687146990270851446070789684592640.0000, 173687978885977251221615521896071168.0000, 173687146990270851446070789684592640.0000, 173687978885977251221615521896071168.0000, 173687146990270851446070789684592640.0000
291, 3507, -437930895311908126796498411443978240.0000, -437928795765601498791552182529294336.0000, -437930895311908126796498411443978240.0000, -437928795765601498791552182529294336.0000, 437930895311908126796498411443978240.0000, 437928795765601498791552182529294336.0000, 437930895311908126796498411443978240.0000, 437928795765601498791552182529294336.0000
292, 3507, -1104183886202298649600199585284751360.0000, -1104178577915410193889580817840078848.0000, -1104183886202298649600199585284751360.0000, -1104178577915410193889580817840078848.0000, 1104183886202298649600199585284751360.0000, 1104178577915410193889580817840078848.0000, 1104183886202298649600199585284751360.0000, 1104178577915410193889580817840078848.0000
293, 3507, -2784051010088644030219702984039727104.0000, -2784037699757341633810987268656070656.0000, -2784051010088644030219702984039727104.0000, -2784037699757341633810987268656070656.0000, 2784051010088644030219702984039727104.0000, 2784037699757341633810987268656070656.0000, 2784051010088644030219702984039727104.0000, 2784037699757341633810987268656070656.0000
294, 3507, -7019610128161419397870388012956778496.0000, -7019575901595213235676547601970233344.0000, -7019610128161419397870388012956778496.0000, -7019575901595213235676547601970233344.0000, 7019610128161419397870388012956778496.0000, 7019575901595213235676547601970233344.0000, 7019610128161419397870388012956778496.0000, 7019575901595213235676547601970233344.0000
295, 3507, -17699001062916550315167044988619980800.0000, -17698916130326335023797144709505220608.0000, -17699001062916550315167044988619980800.0000, -17698916130326335023797144709505220608.0000, 17699001062916550315167044988619980800.0000, 17698916130326335023797144709505220608.0000, 17699001062916550315167044988619980800.0000, 17698916130326335023797144709505220608.0000
296, 3507, -44625646634291257303072283527823228928.0000, -44625433668990418960532832081684725760.0000, -44625646634291257303072283527823228928.0000, -44625433668990418960532832081684725760.0000, 44625646634291257303072283527823228928.0000, 44625433668990418960532832081684725760.0000, 44625646634291257303072283527823228928.0000, 44625433668990418960532832081684725760.0000
297, 3507, -112517559702280202350346030188230344704.0000, -112517032359630507406915007559696908288.0000, -112517559702280202350346030188230344704.0000, -112517032359630507406915007559696908288.0000, 112517559702280202350346030188230344704.0000, 112517032359630507406915007559696908288.0000, 112517559702280202350346030188230344704.0000, 112517032359630507406915007559696908288.0000
298, 3507, -283697892136382923764533847376502194176.0000, -283696553497349082754285866857917317120.0000, -283697892136382923764533847376502194176.0000, -283696553497349082754285866857917317120.0000, 283697892136382923764533847376502194176.0000, 283696553497349082754285866857917317120.0000, 283697892136382923764533847376502194176.0000, 283696553497349082754285866857917317120.0000
299, 3507, nan, nan, nan, nan, nan, nan, nan, nan
303, 3507, nan, nan, nan, nan, nan, nan, nan, nan
304, 3507, nan, nan, nan, nan, nan, nan, nan, nan
305, 3507, nan, nan, nan, nan, nan, nan, nan, nan
306, 3507, nan, nan, nan, nan, nan, nan, nan, nan
307, 3507, nan, nan, nan, nan, nan, nan, nan, nan
308, 3507, nan, nan, nan, nan, nan, nan, nan, nan
309, 3507, nan, nan, nan, nan, nan, nan, nan, nan
310, 3507, nan, nan, nan, nan, nan, nan, nan, nan
311, 3507, nan, nan, nan, nan, nan, nan, nan, nan
312, 3507, nan, nan, nan, nan, nan, nan, nan, nan
313, 3507, nan, nan, nan, nan, nan, nan, nan, nan
314, 3507, nan, nan, nan, nan, nan, nan, nan, nan
315, 3507, nan, nan, nan, nan, nan, nan, nan, nan
316, 3507, nan, nan, nan, nan, nan, nan, nan, nan
317, 3507, nan, nan, nan, nan, nan, nan, nan, nan
318, 3507, nan, nan, nan, nan, nan, nan, nan, nan
319, 3507, nan, nan, nan, nan, nan, nan, nan, nan
320, 3507, nan, nan, nan, nan, nan, nan, nan, nan
321, 3507, nan, nan, nan, nan, nan, nan, nan, nan
322, 3507, nan, nan, nan, nan, nan, nan, nan, nan
323, 3507, nan, nan, nan, nan, nan, nan, nan, nan
324, 3507, nan, nan, nan, nan, nan, nan, nan, nan
325, 3507, nan, nan, nan, nan, nan, nan, nan, nan
326, 3507, nan, nan, nan, nan, nan, nan, nan, nan
327, 3507, nan, nan, nan, nan, nan, nan, nan, nan
328, 3507, nan, nan, nan, nan, nan, nan, nan, nan
329, 3507, nan, nan, nan, nan, nan, nan, nan, nan
330, 3507, nan, nan, nan, nan, nan, nan, nan, nan
331, 3507, nan, nan, nan, nan, nan, nan, nan, nan
332, 3507, nan, nan, nan, nan, nan, nan, nan, nan
333, 3507, nan, nan, nan, nan, nan, nan, nan, nan
334, 3507, nan, nan, nan, nan, nan, nan, nan, nan
335, 3507, nan, nan, nan, nan, nan, nan, nan, nan
336, 3507, nan, nan, nan, nan, nan, nan, nan, nan
337, 3507, nan, nan, nan, nan, nan, nan, nan, nan
338, 3507, nan, nan, nan, nan, nan, nan, nan, nan
339, 3507, nan, nan, nan, nan, nan, nan, nan, nan
340, 3507, nan, nan, nan, nan, nan, nan, nan, nan
341, 3507, nan, nan, nan, nan, nan, nan, nan, nan
342, 3507, nan, nan, nan, nan, nan, nan, nan, nan
343, 3507, nan, nan, nan, nan, nan, nan, nan, nan
344, 3507, nan, nan, nan, nan, nan, nan, nan, nan
345, 3507, nan, nan, nan, nan, nan, nan, nan, nan
346, 3507, nan, nan, nan, nan, nan, nan, nan, nan
347, 3507, nan, nan, nan, nan, nan, nan, nan, nan
348, 3507, nan, nan, nan, nan, nan, nan, nan, nan
349, 3507, nan, nan, nan, nan, nan, nan, nan, nan
350, 3507, nan, nan, nan, nan, nan, nan, nan, nan
351, 3507, nan, nan, nan, nan, nan, nan, nan, nan
352, 3507, nan, nan, nan, nan, nan, nan, nan, nan
353, 3507, nan, nan, nan, nan, nan, nan, nan, nan
354, 3507, nan, nan, nan, nan, nan, nan, nan, nan
337, 3581, 233.1417, 198.9528, 266.8095, 275.3537, 257.2067, 223.0180, 290.8745, 299.4189
338, 3581, 212.5898, 179.3637, 246.1858, 255.6016, 278.1481, 244.9225, 311.7441, 321.1605
339, 3581, 157.4444, 125.4794, 194.0430, 208.5305, 326.9009, 294.9374, 363.4996, 377.9885
340, 3581, 26.5204, -5.0210, 63.3851, 78.6334, 456.8826, 425.3448, 493.7473, 508.9993
341, 3581, -307.6396, -334.3433, -270.8115, -250.7723, 781.3076, 754.6129, 818.1357, 838.1840
342, 3581, -1142.2893, -1163.7314, -1105.4958, -1080.2393, 1605.3040, 1583.8845, 1642.0974, 1667.3767
343, 3581, -3234.2100, -3254.5496, -3197.4321, -3171.0930, 3694.8975, 3674.6152, 3731.6753, 3758.0718
344, 3581, -8501.4023, -8530.9180, -8464.6309, -8447.4746, 8970.4473, 8941.0752, 9007.2188, 9024.5186
345, 3581, -21799.3574, -21823.7168, -21759.5449, -21733.3691, 22254.3145, 22230.3184, 22294.1270, 22320.6660
346, 3581, -55312.2109, -55334.7695, -55272.1172, -55243.7930, 55763.7500, 55742.1055, 55803.8438, 55833.0820
347, 3581, -139811.9062, -139829.7969, -139771.8438, -139738.8906, 140253.2188, 140237.6406, 140293.2812, 140328.5469
348, 3581, -352854.1250, -352867.5625, -352814.1250, -352776.7500, 353293.0625, 353285.4688, 353333.0625, 353376.2812
349, 3581, -890013.4375, -890030.2500, -889969.8125, -889931.2500, 890442.0625, 890439.9375, 890485.6875, 890538.9375
350, 3581, -2244382.0000, -2244409.7500, -2244338.0000, -2244309.7500, 2244797.2500, 2244806.5000, 2244841.2500, 2244906.5000
351, 3581, -5659230.0000, -5659275.0000, -5659186.0000, -5659175.0000, 5659631.0000, 5659680.0000, 5659675.0000, 5659780.0000
352, 3581, -14269298.0000, -14269407.0000, -14269254.0000, -14269307.0000, 14269686.0000, 14269814.0000, 14269730.0000, 14269914.0000
353, 3581, -35978412.0000, -35978696.0000, -35978372.0000, -35978600.0000, 35978800.0000, 35979108.0000, 35978840.0000, 35979204.0000
354, 3581, -90715016.0000, -90715752.0000, -90714968.0000, -90715656.0000, 90715400.0000, 90716160.0000, 90715448.0000, 90716256.0000
350, 3589, 221.9827, 181.2105, 269.7688, 289.6481, 246.0478, 205.2757, 293.8339, 313.7132
354, 3589, -34.2791, -41.6839, -1.5958, 32.4821, 513.8825, 506.4802, 546.5659, 580.6462
353, 3591, 519.5003, 197.1791, 563.3543, 296.6941, 543.5656, 221.2441, 587.4196, 320.7591
