2, 3975, 494.0048, 141.0104, 542.1873, 250.3475, 496.0046, 143.0102, 544.1871, 252.3473
3, 3975, 496.5424, 139.0920, 558.0090, 278.5720, 504.3149, 146.8645, 565.7814, 286.3445
4, 3975, 491.8327, 136.8170, 571.6511, 317.9415, 515.8977, 160.8821, 595.7161, 342.0067
8, 3975, 284.5279, -131.7511, 345.1202, 5.7447, 832.6880, 416.4122, 893.2803, 553.9080
9, 3975, -105.7736, -545.1776, -64.6476, -451.8540, 1274.4362, 835.0403, 1315.5621, 928.3638
3, 3977, 429.9991, 159.0000, 515.6171, 353.2900, 431.9990, 161.0000, 517.6170, 355.2900
5, 3977, 435.2408, 154.5250, 520.3979, 347.7684, 450.7905, 170.0748, 535.9477, 363.3182
6, 3977, 431.8931, 117.6210, 527.2851, 334.0892, 472.7134, 158.4414, 568.1054, 374.9096
7, 3977, 414.9733, 81.6171, 511.2411, 300.0723, 519.3443, 185.9883, 615.6121, 404.4435
8, 3977, 350.4287, 1.5879, 446.5644, 219.7429, 614.6899, 265.8496, 710.8255, 484.0047
9, 3977, 163.4558, -200.1109, 259.4712, 17.7711, 832.1876, 468.6224, 928.2030, 686.5043
10, 3977, -308.2928, -627.6442, -243.9896, -481.7264, 1378.7745, 1059.4266, 1443.0778, 1205.3444
19, 3991, 676.5511, 122.4201, 772.4822, 340.1101, 700.6159, 146.4853, 796.5469, 364.1752
20, 3991, 673.8982, 102.2999, 760.1702, 298.0720, 739.4559, 167.8587, 825.7279, 363.6308
21, 3991, 634.0294, 48.2968, 729.0806, 263.9912, 803.4844, 217.7545, 898.5357, 433.4489
16, 3987, 578.6918, 142.2251, 674.6228, 359.9151, 594.2415, 157.7749, 690.1725, 375.4649
17, 3987, 578.8384, 129.5898, 674.7695, 347.2798, 619.6588, 170.4102, 715.5898, 388.1002
18, 3987, 572.3163, 119.5395, 653.6677, 304.1447, 676.6873, 223.9105, 758.0388, 408.5157
19, 3987, 509.1654, 30.4604, 593.9984, 222.9670, 773.4267, 294.7216, 858.2597, 487.2282
20, 3987, 312.2105, -196.1161, 407.4177, 19.9318, 980.9427, 472.6157, 1076.1499, 688.6636
21, 3987, -183.7699, -697.3376, -87.5781, -479.0555, 1503.2983, 989.7294, 1599.4900, 1208.0115
23, 3995, 996.3922, 159.2592, 1082.0101, 353.5492, 1020.4568, 183.3244, 1106.0748, 377.6144
24, 3995, 938.9791, 130.2022, 1024.5970, 324.4922, 1004.5366, 195.7613, 1090.1545, 390.0513
25, 3995, 858.0217, 75.5818, 943.6398, 269.8718, 1027.4762, 245.0404, 1113.0941, 439.3304
26, 3995, 695.1811, -65.1116, 790.5219, 151.2413, 1125.5380, 365.2556, 1220.8788, 581.6086
27, 3995, 345.9037, -385.4872, 432.4968, -188.9850, 1434.8375, 703.4727, 1521.4305, 899.9749
28, 3995, -532.5524, -1223.4489, -437.3170, -1007.3358, 2215.0071, 1524.1764, 2310.2424, 1740.2894
29, 3995, -2633.3445, -3314.8354, -2537.2332, -3096.7349, 4295.6777, 3614.3530, 4391.7891, 3832.4536
22, 3993, 498.7918, 129.9778, 529.4871, 199.6329, 522.8571, 154.0428, 553.5524, 223.6980
23, 3993, 483.6177, 107.9633, 512.1634, 172.7405, 549.1768, 173.5217, 577.7225, 238.2989
24, 3993, 431.8141, 57.3828, 462.4789, 126.9688, 601.2727, 226.8396, 631.9375, 296.4256
25, 3993, 302.2402, -74.3326, 330.7566, -9.6219, 732.6077, 356.0303, 761.1240, 420.7410
26, 3993, -28.1642, -402.3422, 2.4882, -332.7842, 1060.7964, 686.6068, 1091.4487, 756.1647
27, 3993, -852.6361, -1229.6578, -824.1248, -1164.9584, 1894.9906, 1517.9398, 1923.5021, 1582.6393
28, 3993, -2943.2917, -3317.4321, -2912.6409, -3247.8779, 3985.9006, 3611.6863, 4016.5515, 3681.2405
29, 3993, -8211.4287, -8591.7549, -8180.5518, -8521.6885, 9260.6348, 8880.1221, 9291.5117, 8950.1885
30, 3993, -21500.7656, -21882.5254, -21472.2656, -21817.8496, 22553.4473, 22171.2168, 22581.9473, 22235.8926
33, 4010, 958.6983, 248.2724, 1004.6231, 352.4875, 982.7633, 272.3374, 1028.6881, 376.5526
27, 4002, 748.6257, 148.3458, 834.8798, 344.0773, 772.6910, 172.4110, 858.9451, 368.1425
28, 4002, 731.2009, 118.7963, 826.2495, 334.4846, 796.7599, 184.3551, 891.8085, 400.0434
29, 4002, 704.6168, 65.7022, 800.6515, 283.6279, 874.0753, 235.1602, 970.1100, 453.0859
30, 4002, 591.7765, -64.9882, 687.8134, 152.9424, 1022.1437, 365.3777, 1118.1805, 583.3082
31, 4002, 271.1604, -384.8394, 357.4882, -188.9402, 1360.1202, 704.1170, 1446.4481, 900.0162
30, 4005, 329.0205, 96.2598, 424.9515, 313.9498, 406.5019, 173.7402, 502.4329, 391.4302
31, 4005, 280.7071, 36.8978, 376.6381, 254.5878, 476.9139, 233.1022, 572.8449, 450.7922
32, 4005, 144.9478, -112.8362, 240.8788, 104.8538, 640.6263, 382.8362, 736.5573, 600.5261
33, 4005, -218.0226, -491.1311, -122.0916, -273.4411, 1034.2550, 761.1311, 1130.1859, 978.8210
34, 4005, -1136.3582, -1440.5543, -1061.8071, -1271.3802, 2022.1222, 1717.8871, 2096.6733, 1887.0612
38, 4017, 1052.2443, 226.9673, 1109.4852, 356.8574, 1076.3088, 251.0327, 1133.5498, 380.9227
35, 4012, 700.3622, 162.4859, 780.6434, 344.6625, 724.4272, 186.5511, 804.7083, 368.7277
39, 4012, 327.8271, -114.5386, 413.5956, 80.0915, 875.9863, 433.6259, 961.7549, 628.2559
43, 4022, 449.4269, 27.4827, 545.3579, 245.1727, 664.4642, 242.5173, 760.3953, 460.2073
44, 4022, 300.3018, -135.8415, 396.2328, 81.8485, 841.9919, 405.8415, 937.9229, 623.5315
45, 4022, -72.7165, -520.0573, -3.7656, -363.5922, 1295.3602, 848.0018, 1364.3112, 1004.4667
46, 4022, -1098.3727, -1583.7015, -1032.5717, -1434.3849, 2352.3262, 1866.9525, 2418.1274, 2016.2692
47, 4022, -3713.8435, -4216.4072, -3647.6565, -4066.2156, 4987.6401, 4484.9619, 5053.8267, 4635.1543
48, 4022, -10338.3135, -10841.0635, -10244.0752, -10627.2178, 11602.0205, 11098.9834, 11696.2588, 11312.8291
34, 4011, 508.6982, 133.7360, 595.4389, 330.5724, 532.7635, 157.8012, 619.5042, 354.6376
35, 4011, 503.0236, 114.3392, 588.5836, 308.4964, 568.5827, 179.8979, 654.1426, 374.0551
36, 4011, 464.4462, 62.4153, 549.9664, 256.4827, 633.9047, 231.8730, 719.4249, 425.9405
37, 4011, 347.7980, -57.4269, 433.3696, 136.7572, 778.1653, 372.9384, 863.7368, 567.1225
38, 4011, 42.3373, -383.8854, 127.9375, -189.6362, 1131.2972, 705.0695, 1216.8973, 899.3187
42, 4011, -10296.1279, -10789.5850, -10200.7803, -10573.2197, 11584.0439, 11090.4854, 11679.3916, 11306.8506
43, 4011, -26837.8320, -27335.6230, -26741.6133, -27117.2754, 28133.2031, 27635.1562, 28229.4219, 27853.5039
44, 4011, -68620.1250, -69129.5234, -68524.0156, -68911.4141, 69939.3672, 69429.3203, 70035.4766, 69647.4297
45, 4011, -174011.5312, -174534.9844, -173915.5312, -174317.1094, 175360.0312, 174834.9375, 175456.0312, 175052.8125
46, 4011, -439753.5312, -440302.5000, -439657.5938, -440084.7500, 441155.5625, 440602.5000, 441251.5000, 440820.2500
47, 4011, -1109832.2500, -1110396.3750, -1109736.2500, -1110178.6250, 1111270.8750, 1110696.3750, 1111366.8750, 1110914.1250
48, 4011, -2799373.5000, -2799947.0000, -2799287.0000, -2799751.0000, 2800844.0000, 2800244.5000, 2800930.5000, 2800440.5000
49, 4011, -7059351.5000, -7059919.0000, -7059256.5000, -7059703.0000, 7060847.5000, 7060214.0000, 7060942.5000, 7060430.0000
50, 4011, -17800328.0000, -17800856.0000, -17800232.0000, -17800640.0000, 17801856.0000, 17801158.0000, 17801952.0000, 17801374.0000
51, 4011, -44882268.0000, -44882692.0000, -44882172.0000, -44882476.0000, 44883848.0000, 44882996.0000, 44883944.0000, 44883212.0000
52, 4011, -113165776.0000, -113165904.0000, -113165680.0000, -113165680.0000, 113167392.0000, 113166200.0000, 113167488.0000, 113166424.0000
53, 4011, -285333440.0000, -285332832.0000, -285333376.0000, -285332640.0000, 285335136.0000, 285333152.0000, 285335200.0000, 285333344.0000
54, 4011, -719431232.0000, -719428608.0000, -719431104.0000, -719428352.0000, 719432896.0000, 719428864.0000, 719433024.0000, 719429120.0000
55, 4011, -1813950080.0000, -1813942528.0000, -1813950080.0000, -1813942272.0000, 1813952000.0000, 1813942784.0000, 1813952000.0000, 1813943040.0000
56, 4011, -4573632000.0000, -4573612032.0000, -4573632000.0000, -4573612032.0000, 4573634048.0000, 4573612032.0000, 4573634048.0000, 4573612032.0000
50, 4038, 556.2783, 131.0396, 593.5569, 215.6332, 580.3434, 155.1048, 617.6221, 239.6984
51, 4038, 544.3860, 111.8420, 573.2064, 177.2420, 609.9447, 177.4008, 638.7650, 242.8008
52, 4038, 490.0531, 56.8544, 526.3126, 139.1352, 659.5104, 226.3122, 695.7700, 308.5930
53, 4038, 363.3735, -67.6755, 400.4400, 16.4365, 793.7378, 362.6899, 830.8043, 446.8019
54, 4038, 34.9906, -395.1688, 72.0720, -311.0233, 1123.9431, 693.7865, 1161.0244, 777.9320
55, 4038, -789.4343, -1229.2256, -752.3934, -1145.1721, 1958.1721, 1518.3881, 1995.2131, 1602.4415
56, 4038, -2878.4294, -3321.9370, -2838.4397, -3231.1919, 4050.7117, 3607.2222, 4090.7014, 3697.9673
57, 4038, -8144.4727, -8588.2324, -8104.2188, -8496.8887, 9327.4629, 8883.7471, 9367.7168, 8975.0908
58, 4038, -21434.2617, -21877.7578, -21394.0430, -21786.4922, 22619.6289, 22176.2402, 22659.8477, 22267.5059
59, 4038, -54941.7500, -55395.2188, -54898.2188, -55296.4375, 56134.7578, 55681.5625, 56178.2891, 55780.3438
60, 4038, -139434.6406, -139890.2969, -139394.1406, -139798.3906, 140631.8438, 140176.8906, 140672.3438, 140268.7969
61, 4038, -352472.0312, -352934.6250, -352428.5312, -352836.0000, 353678.5625, 353217.7500, 353722.0625, 353316.3750
62, 4038, -889627.5000, -890092.5625, -889583.7500, -889993.1875, 890836.6875, 890376.0625, 890880.4375, 890475.4375
63, 4038, -2243991.0000, -2244458.5000, -2243947.0000, -2244359.0000, 2245210.0000, 2244753.7500, 2245254.0000, 2244853.2500
64, 4038, -5658842.0000, -5659322.5000, -5658798.0000, -5659223.5000, 5660074.5000, 5659621.5000, 5660118.5000, 5659720.5000
65, 4038, -14268937.0000, -14269446.0000, -14268899.0000, -14269362.0000, 14270187.0000, 14269748.0000, 14270225.0000, 14269832.0000
66, 4038, -35978160.0000, -35978724.0000, -35978112.0000, -35978620.0000, 35979404.0000, 35979012.0000, 35979452.0000, 35979116.0000
67, 4038, -90715032.0000, -90715728.0000, -90714984.0000, -90715632.0000, 90716280.0000, 90716024.0000, 90716328.0000, 90716120.0000
70, 4063, 628.8656, 125.4438, 681.3900, 244.6304, 652.9310, 149.5090, 705.4554, 268.6956
71, 4063, 609.7112, 104.9713, 662.1179, 223.8904, 675.2705, 170.5301, 727.6771, 289.4492
72, 4063, 564.4333, 59.7598, 616.7896, 178.5646, 733.8923, 229.2176, 786.2486, 348.0224
73, 4063, 435.5143, -68.8661, 487.8521, 49.8963, 865.8828, 361.4992, 918.2206, 480.2616
74, 4063, 119.3456, -397.9699, 171.6769, -279.2223, 1208.3085, 690.9852, 1260.6398, 809.7328
75, 4063, -706.7336, -1227.4795, -654.4045, -1108.7368, 2040.8992, 1520.1335, 2093.2283, 1638.8762
76, 4063, -2790.8230, -3318.4219, -2738.4949, -3199.6812, 4138.3843, 3610.7354, 4190.7124, 3729.4761
77, 4063, -8054.4092, -8583.3516, -8002.0811, -8464.6113, 9417.6914, 8888.6221, 9470.0195, 9007.3623
78, 4063, -21336.5625, -21872.6270, -21284.2344, -21753.8887, 22717.7422, 22181.3594, 22770.0703, 22300.0977
79, 4063, -54845.0742, -55394.3906, -54788.1133, -55265.1484, 56232.4805, 55682.3672, 56289.4414, 55811.6094
80, 4063, -139326.3281, -139883.9062, -139284.7344, -139789.5625, 140742.8125, 140183.2188, 140784.4062, 140277.5625
60, 4054, 518.1701, 117.8578, 558.5230, 209.4283, 542.2349, 141.9228, 582.5878, 233.4933
61, 4054, 501.9042, 107.0567, 536.3097, 185.1310, 567.4619, 172.6151, 601.8674, 250.6894
62, 4054, 451.0190, 46.7291, 490.7030, 136.7817, 620.4741, 216.1858, 660.1581, 306.2384
63, 4054, 321.1535, -85.1629, 361.3933, 6.1510, 751.5121, 345.1998, 791.7519, 436.5135
64, 4054, -8.1341, -414.6337, 32.0952, -323.3436, 1080.8041, 674.3146, 1121.0333, 765.6046
65, 4054, -834.9409, -1237.7500, -797.7044, -1153.2520, 1912.6295, 1509.8459, 1949.8658, 1594.3440
69, 4054, -27036.6074, -27441.0176, -26996.5488, -27350.1191, 28119.1875, 27715.2891, 28159.2461, 27806.1875
70, 4054, -68740.5312, -69148.8516, -68703.1562, -69064.0391, 69829.9609, 69422.9219, 69867.3359, 69507.7344
71, 4054, -174093.8594, -174505.4844, -174059.7969, -174428.2031, 175186.4688, 174778.0781, 175220.5312, 174855.3594
72, 4054, -439798.8750, -440213.5938, -439765.1250, -440137.0312, 440891.4375, 440484.8750, 440925.1875, 440561.4375
73, 4054, -1109740.1250, -1110165.0000, -1109706.3750, -1110088.2500, 1110840.6250, 1110436.1250, 1110874.3750, 1110512.8750
74, 4054, -2798912.0000, -2799349.2500, -2798878.0000, -2799272.2500, 2800006.2500, 2799620.5000, 2800040.2500, 2799697.5000
75, 4054, -7057915.5000, -7058394.5000, -7057881.5000, -7058317.5000, 7059016.0000, 7058666.5000, 7059050.0000, 7058743.5000
76, 4054, -17796428.0000, -17797002.0000, -17796392.0000, -17796918.0000, 17797522.0000, 17797274.0000, 17797558.0000, 17797358.0000
77, 4054, -44872132.0000, -44872960.0000, -44872100.0000, -44872880.0000, 44873232.0000, 44873232.0000, 44873264.0000, 44873312.0000
78, 4054, -113139880.0000, -113141352.0000, -113139832.0000, -113141240.0000, 113140976.0000, 113141592.0000, 113141024.0000, 113141704.0000
79, 4054, -285267840.0000, -285270880.0000, -285267776.0000, -285270752.0000, 285268928.0000, 285271136.0000, 285268992.0000, 285271264.0000
80, 4054, -719265280.0000, -719272320.0000, -719265280.0000, -719272192.0000, 719266432.0000, 719272576.0000, 719266432.0000, 719272704.0000
81, 4054, -1813531392.0000, -1813548544.0000, -1813531392.0000, -1813548544.0000, 1813532544.0000, 1813548800.0000, 1813532544.0000, 1813548800.0000
82, 4054, -4572576256.0000, -4572618752.0000, -4572576256.0000, -4572618752.0000, 4572577280.0000, 4572619264.0000, 4572577280.0000, 4572619264.0000
83, 4054, -11529136128.0000, -11529242624.0000, -11529136128.0000, -11529242624.0000, 11529136128.0000, 11529242624.0000, 11529136128.0000, 11529242624.0000
84, 4054, -29069164544.0000, -29069434880.0000, -29069164544.0000, -29069434880.0000, 29069166592.0000, 29069434880.0000, 29069166592.0000, 29069434880.0000
85, 4054, -73293987840.0000, -73294667776.0000, -73293987840.0000, -73294667776.0000, 73293987840.0000, 73294667776.0000, 73293987840.0000, 73294667776.0000
86, 4054, -184800935936.0000, -184802639872.0000, -184800935936.0000, -184802639872.0000, 184800935936.0000, 184802639872.0000, 184800935936.0000, 184802639872.0000
87, 4054, -465950670848.0000, -465954963456.0000, -465950670848.0000, -465954963456.0000, 465950670848.0000, 465954963456.0000, 465950670848.0000, 465954963456.0000
88, 4054, -1174831890432.0000, -1174842638336.0000, -1174831890432.0000, -1174842638336.0000, 1174831890432.0000, 1174842638336.0000, 1174831890432.0000, 1174842638336.0000
91, 4068, 563.0048, 121.5035, 615.5239, 240.6774, 578.5546, 137.0533, 631.0736, 256.2272
92, 4068, 550.3035, 109.2462, 602.7066, 228.1568, 591.1238, 150.0667, 643.5269, 268.9773
93, 4068, 531.3696, 85.2541, 569.5104, 171.8018, 635.7405, 189.6255, 673.8813, 276.1732
84, 4066, 720.4205, 137.9283, 769.1872, 248.5899, 744.4852, 161.9933, 793.2520, 272.6548
85, 4066, 704.4698, 116.2640, 760.9557, 244.4414, 770.0275, 181.8222, 826.5133, 309.9997
86, 4066, 653.9291, 59.6397, 720.3183, 210.2895, 823.3839, 229.0962, 889.7731, 379.7460
87, 4066, 531.7147, -62.8486, 594.0792, 78.6677, 962.0723, 367.5136, 1024.4368, 509.0300
88, 4066, 213.3026, -398.1447, 279.9096, -247.0010, 1302.2383, 690.8026, 1368.8452, 841.9462
89, 4066, -605.0974, -1228.5557, -538.1093, -1076.5471, 2142.4666, 1519.0377, 2209.4548, 1671.0463
90, 4066, -2673.8359, -3314.0137, -2624.2061, -3201.3931, 4255.1982, 3615.0940, 4304.8281, 3727.7146
91, 4066, -7945.2241, -8584.8867, -7879.7925, -8436.4082, 9526.4404, 8886.9639, 9591.8721, 9035.4424
92, 4066, -21232.0332, -21879.3789, -21159.2480, -21714.2148, 22821.1719, 22174.2969, 22893.9570, 22339.4609
93, 4066, -54720.3320, -55382.2461, -54666.0820, -55259.1445, 56354.4531, 55693.7227, 56408.7031, 55816.8242
94, 4066, -139204.6250, -139881.2188, -139148.0938, -139752.9688, 140857.5312, 140183.9219, 140914.0625, 140312.1719
95, 4066, -352243.6562, -352941.1250, -352159.5938, -352750.3750, 353896.0312, 353206.0625, 353980.0938, 353396.8125
96, 4066, -889380.4375, -890080.4375, -889299.0625, -889895.8125, 891056.1875, 890375.0625, 891137.5625, 890559.6875
97, 4066, -2243706.0000, -2244431.2500, -2243632.0000, -2244263.7500, 2245425.7500, 2244748.0000, 2245499.7500, 2244915.5000
98, 4066, -5658489.5000, -5659273.0000, -5658422.5000, -5659121.0000, 5660252.5000, 5659589.0000, 5660319.5000, 5659741.0000
99, 4066, -14268454.0000, -14269344.0000, -14268374.0000, -14269164.0000, 14270230.0000, 14269643.0000, 14270310.0000, 14269823.0000
100, 4066, -35977328.0000, -35978456.0000, -35977248.0000, -35978272.0000, 35979124.0000, 35978756.0000, 35979204.0000, 35978940.0000
101, 4066, -90713336.0000, -90715056.0000, -90713256.0000, -90714864.0000, 90715176.0000, 90715368.0000, 90715256.0000, 90715560.0000
102, 4066, -228722848.0000, -228726032.0000, -228722784.0000, -228725872.0000, 228724736.0000, 228726352.0000, 228724800.0000, 228726512.0000
103, 4066, -576695296.0000, -576702080.0000, -576695168.0000, -576701952.0000, 576697152.0000, 576702464.0000, 576697280.0000, 576702592.0000
104, 4066, -1454060928.0000, -1454077056.0000, -1454060928.0000, -1454076800.0000, 1454062976.0000, 1454077312.0000, 1454062976.0000, 1454077568.0000
105, 4066, -3666220288.0000, -3666259456.0000, -3666220288.0000, -3666259456.0000, 3666222336.0000, 3666259968.0000, 3666222336.0000, 3666259968.0000
106, 4066, -9243883520.0000, -9243979776.0000, -9243883520.0000, -9243979776.0000, 9243885568.0000, 9243980800.0000, 9243885568.0000, 9243980800.0000
107, 4066, -23307210752.0000, -23307452416.0000, -23307210752.0000, -23307452416.0000, 23307210752.0000, 23307452416.0000, 23307210752.0000, 23307452416.0000
108, 4066, -58765991936.0000, -58766602240.0000, -58765991936.0000, -58766602240.0000, 58765991936.0000, 58766602240.0000, 58765991936.0000, 58766602240.0000
109, 4066, -148170539008.0000, -148172079104.0000, -148170539008.0000, -148172079104.0000, 148170539008.0000, 148172079104.0000, 148170539008.0000, 148172079104.0000
110, 4066, -373592096768.0000, -373595963392.0000, -373592096768.0000, -373595963392.0000, 373592096768.0000, 373595963392.0000, 373592096768.0000, 373595963392.0000
111, 4066, -941962166272.0000, -941971931136.0000, -941962166272.0000, -941971931136.0000, 941962166272.0000, 941971931136.0000, 941962166272.0000, 941971931136.0000
56, 4043, 453.6972, 41.4827, 482.0062, 105.7227, 668.7291, 256.5173, 697.0380, 320.7573
57, 4043, 290.4767, -121.8416, 318.7858, -57.6016, 832.1531, 419.8416, 860.4620, 484.0816
58, 4043, -121.3281, -536.1959, -90.6374, -466.5511, 1246.7139, 831.8635, 1277.4045, 901.5083
59, 4043, -1162.1039, -1577.3269, -1131.1954, -1507.1882, 2288.5076, 1873.3282, 2319.4158, 1943.4669
60, 4043, -3787.4065, -4202.6172, -3756.5242, -4132.5371, 4913.8560, 4498.7559, 4944.7378, 4568.8359
61, 4043, -10408.5771, -10828.1367, -10374.8760, -10751.6582, 11531.1982, 11111.9189, 11564.8994, 11188.3975
62, 4043, -27092.4219, -27512.7812, -27061.2969, -27442.1484, 28226.2676, 27806.6152, 28257.3926, 27877.2480
63, 4043, -69171.2500, -69592.4141, -69140.4375, -69522.5078, 70307.7344, 69888.3594, 70338.5469, 69958.2656
64, 4043, -175273.1719, -175695.0625, -175239.5156, -175618.6875, 176406.2188, 175988.8281, 176439.8750, 176065.2031
65, 4043, -442785.3438, -443215.0000, -442751.4062, -443138.0000, 443927.4688, 443509.1875, 443961.4062, 443586.1875
66, 4043, -1117291.5000, -1117730.8750, -1117257.5000, -1117653.8750, 1118436.0000, 1118025.2500, 1118470.0000, 1118102.2500
67, 4043, -2817971.0000, -2818432.0000, -2817937.0000, -2818355.0000, 2819115.5000, 2818726.2500, 2819149.5000, 2818803.2500
68, 4043, -7106001.0000, -7106520.5000, -7105967.0000, -7106443.5000, 7107154.0000, 7106815.0000, 7107188.0000, 7106892.0000
69, 4043, -17917700.0000, -17918360.0000, -17917668.0000, -17918284.0000, 17918856.0000, 17918654.0000, 17918888.0000, 17918730.0000
70, 4043, -45177944.0000, -45178952.0000, -45177912.0000, -45178888.0000, 45179104.0000, 45179256.0000, 45179136.0000, 45179320.0000
71, 4043, -113910984.0000, -113912888.0000, -113910952.0000, -113912808.0000, 113912152.0000, 113913176.0000, 113912184.0000, 113913256.0000
72, 4043, -287212096.0000, -287216224.0000, -287212096.0000, -287216160.0000, 287213312.0000, 287216544.0000, 287213312.0000, 287216608.0000
73, 4043, -724167552.0000, -724177344.0000, -724167552.0000, -724177216.0000, 724168832.0000, 724177600.0000, 724168832.0000, 724177728.0000
74, 4043, -1825891840.0000, -1825915776.0000, -1825891840.0000, -1825915776.0000, 1825893120.0000, 1825916160.0000, 1825893120.0000, 1825916160.0000
75, 4043, -4603741696.0000, -4603801088.0000, -4603741696.0000, -4603801088.0000, 4603742720.0000, 4603801600.0000, 4603742720.0000, 4603801600.0000
76, 4043, -11607715840.0000, -11607865344.0000, -11607715840.0000, -11607865344.0000, 11607715840.0000, 11607865344.0000, 11607715840.0000, 11607865344.0000
77, 4043, -29267292160.0000, -29267668992.0000, -29267292160.0000, -29267668992.0000, 29267294208.0000, 29267668992.0000, 29267294208.0000, 29267668992.0000
78, 4043, -73793536000.0000, -73794486272.0000, -73793536000.0000, -73794486272.0000, 73793536000.0000, 73794486272.0000, 73793536000.0000, 73794486272.0000
79, 4043, -186060472320.0000, -186062864384.0000, -186060472320.0000, -186062864384.0000, 186060472320.0000, 186062864384.0000, 186060472320.0000, 186062864384.0000
80, 4043, -469126414336.0000, -469132443648.0000, -469126414336.0000, -469132443648.0000, 469126414336.0000, 469132443648.0000, 469126414336.0000, 469132443648.0000
81, 4043, -1182839078912.0000, -1182854283264.0000, -1182839078912.0000, -1182854283264.0000, 1182839078912.0000, 1182854283264.0000, 1182839078912.0000, 1182854283264.0000
82, 4043, -2982369296384.0000, -2982408093696.0000, -2982369296384.0000, -2982408093696.0000, 2982369296384.0000, 2982408093696.0000, 2982369296384.0000, 2982408093696.0000
83, 4043, -7519642583040.0000, -7519740100608.0000, -7519642583040.0000, -7519740100608.0000, 7519642583040.0000, 7519740100608.0000, 7519642583040.0000, 7519740100608.0000
87, 4043, -150896663068672.0000, -150898626002944.0000, -150896663068672.0000, -150898626002944.0000, 150896663068672.0000, 150898626002944.0000, 150896663068672.0000, 150898626002944.0000
88, 4043, -379103542771712.0000, -379108441718784.0000, -379103542771712.0000, -379108441718784.0000, 379103542771712.0000, 379108441718784.0000, 379103542771712.0000, 379108441718784.0000
89, 4043, -955561772318720.0000, -955574120349696.0000, -955561772318720.0000, -955574120349696.0000, 955561772318720.0000, 955574120349696.0000, 955561772318720.0000, 955574120349696.0000
90, 4043, -2409392632758272.0000, -2409423502835712.0000, -2409392632758272.0000, -2409423502835712.0000, 2409392632758272.0000, 2409423502835712.0000, 2409392632758272.0000, 2409423502835712.0000
91, 4043, -6075063736467456.0000, -6075141045878784.0000, -6075063736467456.0000, -6075141045878784.0000, 6075063736467456.0000, 6075141045878784.0000, 6075063736467456.0000, 6075141045878784.0000
92, 4043, -15317516603621376.0000, -15317712024633344.0000, -15317516603621376.0000, -15317712024633344.0000, 15317516603621376.0000, 15317712024633344.0000, 15317516603621376.0000, 15317712024633344.0000
93, 4043, -38621088954974208.0000, -38621582876213248.0000, -38621088954974208.0000, -38621582876213248.0000, 38621088954974208.0000, 38621582876213248.0000, 38621088954974208.0000, 38621582876213248.0000
94, 4043, -97377903716597760.0000, -97379140667179008.0000, -97377903716597760.0000, -97379140667179008.0000, 97377903716597760.0000, 97379140667179008.0000, 97377903716597760.0000, 97379140667179008.0000
95, 4043, -245525292989284352.0000, -245528419725475840.0000, -245525292989284352.0000, -245528419725475840.0000, 245525292989284352.0000, 245528419725475840.0000, 245525292989284352.0000, 245528419725475840.0000
96, 4043, -619058993859395584.0000, -619066965318696960.0000, -619058993859395584.0000, -619066965318696960.0000, 619058993859395584.0000, 619066965318696960.0000, 619058993859395584.0000, 619066965318696960.0000
97, 4043, -1560873991055343616.0000, -1560893919703597056.0000, -1560873991055343616.0000, -1560893919703597056.0000, 1560873991055343616.0000, 1560893919703597056.0000, 1560873991055343616.0000, 1560893919703597056.0000
98, 4043, -3935533646345142272.0000, -3935583949002113024.0000, -3935533646345142272.0000, -3935583949002113024.0000, 3935533646345142272.0000, 3935583949002113024.0000, 3935533646345142272.0000, 3935583949002113024.0000
99, 4043, -9922918717841211392.0000, -9923045161678405632.0000, -9922918717841211392.0000, -9923045161678405632.0000, 9922918717841211392.0000, 9923045161678405632.0000, 9922918717841211392.0000, 9923045161678405632.0000
100, 4043, -25019303527159169024.0000, -25019624584554479616.0000, -25019303527159169024.0000, -25019624584554479616.0000, 25019303527159169024.0000, 25019624584554479616.0000, 25019303527159169024.0000, 25019624584554479616.0000
101, 4043, -63082803987927269376.0000, -63083613228485312512.0000, -63082803987927269376.0000, -63083613228485312512.0000, 63082803987927269376.0000, 63083613228485312512.0000, 63082803987927269376.0000, 63083613228485312512.0000
102, 4043, -159054806716308783104.0000, -159056829817703890944.0000, -159054806716308783104.0000, -159056829817703890944.0000, 159054806716308783104.0000, 159056829817703890944.0000, 159054806716308783104.0000, 159056829817703890944.0000
103, 4043, -401035272980692729856.0000, -401040409899017699328.0000, -401035272980692729856.0000, -401040409899017699328.0000, 401035272980692729856.0000, 401040409899017699328.0000, 401035272980692729856.0000, 401040409899017699328.0000
104, 4043, -1011156491849036726272.0000, -1011169439697965416448.0000, -1011156491849036726272.0000, -1011169439697965416448.0000, 1011156491849036726272.0000, 1011169439697965416448.0000, 1011156491849036726272.0000, 1011169439697965416448.0000
105, 4043, -2549495067403832262656.0000, -2549527437026153988096.0000, -2549495067403832262656.0000, -2549527437026153988096.0000, 2549495067403832262656.0000, 2549527437026153988096.0000, 2549495067403832262656.0000, 2549527437026153988096.0000
106, 4043, -6428208424527650095104.0000, -6428290615220849606656.0000, -6428208424527650095104.0000, -6428290615220849606656.0000, 6428208424527650095104.0000, 6428290615220849606656.0000, 6428208424527650095104.0000, 6428290615220849606656.0000
107, 4043, -16207862835555415883776.0000, -16208068875238368083968.0000, -16207862835555415883776.0000, -16208068875238368083968.0000, 16207862835555415883776.0000, 16208068875238368083968.0000, 16207862835555415883776.0000, 16208068875238368083968.0000
108, 4043, -40865946745536405045248.0000, -40866464659493552652288.0000, -40865946745536405045248.0000, -40866464659493552652288.0000, 40865946745536405045248.0000, 40866464659493552652288.0000, 40865946745536405045248.0000, 40866464659493552652288.0000
109, 4043, -103037981975399144357888.0000, -103039297026490336542720.0000, -103037981975399144357888.0000, -103039297026490336542720.0000, 103037981975399144357888.0000, 103039297026490336542720.0000, 103037981975399144357888.0000, 103039297026490336542720.0000
110, 4043, -259796413515548361490432.0000, -259799728164874106175488.0000, -259796413515548361490432.0000, -259799728164874106175488.0000, 259796413515548361490432.0000, 259799728164874106175488.0000, 259796413515548361490432.0000, 259799728164874106175488.0000
111, 4043, -655041720329605040046080.0000, -655050006952919401758720.0000, -655041720329605040046080.0000, -655050006952919401758720.0000, 655041720329605040046080.0000, 655050006952919401758720.0000, 655041720329605040046080.0000, 655050006952919401758720.0000
112, 4043, -1651599542910841077628928.0000, -1651620583728300152586240.0000, -1651599542910841077628928.0000, -1651620583728300152586240.0000, 1651599542910841077628928.0000, 1651620583728300152586240.0000, 1651599542910841077628928.0000, 1651620583728300152586240.0000
113, 4043, -4164285893423040231899136.0000, -4164338927812252146860032.0000, -4164285893423040231899136.0000, -4164338927812252146860032.0000, 4164285893423040231899136.0000, 4164338927812252146860032.0000, 4164285893423040231899136.0000, 4164338927812252146860032.0000
114, 4043, -10499686118413675188453376.0000, -10499819857308209582702592.0000, -10499686118413675188453376.0000, -10499819857308209582702592.0000, 10499686118413675188453376.0000, 10499819857308209582702592.0000, 10499686118413675188453376.0000, 10499819857308209582702592.0000
115, 4043, -26473544997793065221488640.0000, -26473881650872410420805632.0000, -26473544997793065221488640.0000, -26473881650872410420805632.0000, 26473544997793065221488640.0000, 26473881650872410420805632.0000, 26473544997793065221488640.0000, 26473881650872410420805632.0000
116, 4043, -66749478867113754539065344.0000, -66750327417341145178439680.0000, -66749478867113754539065344.0000, -66750327417341145178439680.0000, 66749478867113754539065344.0000, 66750327417341145178439680.0000, 66749478867113754539065344.0000, 66750327417341145178439680.0000
117, 4043, -168299828787180927065260032.0000, -168301968609493477373247488.0000, -168299828787180927065260032.0000, -168301968609493477373247488.0000, 168299828787180927065260032.0000, 168301968609493477373247488.0000, 168299828787180927065260032.0000, 168301968609493477373247488.0000
118, 4043, -424345358896752373140553728.0000, -424350745346021896329625600.0000, -424345358896752373140553728.0000, -424350745346021896329625600.0000, 424345358896752373140553728.0000, 424350745346021896329625600.0000, 424345358896752373140553728.0000, 424350745346021896329625600.0000
119, 4043, -1069929750593180292956028928.0000, -1069943327396818543186018304.0000, -1069929750593180292956028928.0000, -1069943327396818543186018304.0000, 1069929750593180292956028928.0000, 1069943327396818543186018304.0000, 1069929750593180292956028928.0000, 1069943327396818543186018304.0000
120, 4043, -2697683729313044198429032448.0000, -2697717966470045003356831744.0000, -2697683729313044198429032448.0000, -2697717966470045003356831744.0000, 2697683729313044198429032448.0000, 2697717966470045003356831744.0000, 2697683729313044198429032448.0000, 2697717966470045003356831744.0000
121, 4043, -6801846396501844874611392512.0000, -6801932579690157245636542464.0000, -6801846396501844874611392512.0000, -6801932579690157245636542464.0000, 6801846396501844874611392512.0000, 6801932579690157245636542464.0000, 6801846396501844874611392512.0000, 6801932579690157245636542464.0000
122, 4043, -17149939736215201213512155136.0000, -17150158145665033934603288576.0000, -17149939736215201213512155136.0000, -17150158145665033934603288576.0000, 17149939736215201213512155136.0000, 17150158145665033934603288576.0000, 17149939736215201213512155136.0000, 17150158145665033934603288576.0000
123, 4043, -43241264839493583110378881024.0000, -43241812634005595989223669760.0000, -43241264839493583110378881024.0000, -43241812634005595989223669760.0000, 43241264839493583110378881024.0000, 43241812634005595989223669760.0000, 43241264839493583110378881024.0000, 43241812634005595989223669760.0000
124, 4043, -109027022265610160817328619520.0000, -109028410641356124493021446144.0000, -109027022265610160817328619520.0000, -109028410641356124493021446144.0000, 109027022265610160817328619520.0000, 109028410641356124493021446144.0000, 109027022265610160817328619520.0000, 109028410641356124493021446144.0000
125, 4043, -274896962101396994807526588416.0000, -274900456652594318344984723456.0000, -274896962101396994807526588416.0000, -274900456652594318344984723456.0000, 274896962101396994807526588416.0000, 274900456652594318344984723456.0000, 274896962101396994807526588416.0000, 274900456652594318344984723456.0000
126, 4043, -693115706895567122163994460160.0000, -693124471607759328225511079936.0000, -693115706895567122163994460160.0000, -693124471607759328225511079936.0000, 693115706895567122163994460160.0000, 693124471607759328225511079936.0000, 693115706895567122163994460160.0000, 693124471607759328225511079936.0000
127, 4043, -1747597777392696027742579195904.0000, -1747619991404631446553664421888.0000, -1747597777392696027742579195904.0000, -1747619991404631446553664421888.0000, 1747597777392696027742579195904.0000, 1747619991404631446553664421888.0000, 1747597777392696027742579195904.0000, 1747619991404631446553664421888.0000
128, 4043, -4406332721883447698731835588608.0000, -4406388634702604875331165749248.0000, -4406332721883447698731835588608.0000, -4406388634702604875331165749248.0000, 4406332721883447698731835588608.0000, 4406388634702604875331165749248.0000, 4406332721883447698731835588608.0000, 4406388634702604875331165749248.0000
77, 4065, 648.5362, 135.6659, 682.4396, 212.6005, 672.6012, 159.7311, 706.5046, 236.6657
78, 4065, 631.8865, 118.1084, 665.7413, 194.9329, 697.4448, 183.6672, 731.2996, 260.4917
79, 4065, 580.7910, 67.1638, 614.6452, 143.9869, 750.2475, 236.6216, 784.1017, 313.4447
80, 4065, 452.9127, -58.5624, 483.9378, 11.8409, 883.2748, 371.8030, 914.2999, 442.2063
81, 4065, 121.6541, -395.1128, 161.2413, -305.2800, 1210.6011, 693.8425, 1250.1882, 783.6753
82, 4065, -704.1119, -1224.3608, -666.6967, -1139.4570, 2043.4803, 1523.2529, 2080.8955, 1608.1567
83, 4065, -2789.2703, -3315.5342, -2752.2151, -3231.4473, 4139.8345, 3613.6250, 4176.8901, 3697.7119
84, 4065, -8057.9028, -8587.5059, -8017.9253, -8496.7871, 9413.9404, 8884.4736, 9453.9189, 8975.1924
85, 4065, -21348.1660, -21878.0254, -21307.9199, -21786.6973, 22705.4902, 22175.9766, 22745.7363, 22267.3047
86, 4065, -54853.6875, -55389.2734, -54813.4688, -55298.0156, 56222.2305, 55687.5195, 56262.4492, 55778.7773
87, 4065, -139346.9375, -139884.5156, -139306.7500, -139793.3281, 140718.0938, 140182.7188, 140758.2812, 140273.9062
88, 4065, -352381.1562, -352922.6562, -352343.9688, -352838.2188, 353765.7812, 353229.8438, 353802.9688, 353314.2812
89, 4065, -889533.8125, -890080.2500, -889496.9375, -889996.5000, 890921.1250, 890388.7500, 890958.0000, 890472.5000
90, 4065, -2243892.2500, -2244452.0000, -2243852.2500, -2244361.5000, 2245285.5000, 2244761.2500, 2245325.5000, 2244851.7500
91, 4065, -5658731.0000, -5659318.5000, -5658691.0000, -5659227.5000, 5660126.0000, 5659629.0000, 5660166.0000, 5659720.0000
92, 4065, -14268783.0000, -14269446.0000, -14268745.0000, -14269362.0000, 14270191.0000, 14269756.0000, 14270229.0000, 14269840.0000
93, 4065, -35977884.0000, -35978724.0000, -35977844.0000, -35978644.0000, 35979300.0000, 35979036.0000, 35979340.0000, 35979116.0000
94, 4065, -90714456.0000, -90715752.0000, -90714424.0000, -90715656.0000, 90715888.0000, 90716056.0000, 90715920.0000, 90716152.0000
95, 4065, -228725376.0000, -228727792.0000, -228725344.0000, -228727696.0000, 228726832.0000, 228728096.0000, 228726864.0000, 228728192.0000
96, 4065, -576701312.0000, -576706624.0000, -576701312.0000, -576706496.0000, 576702848.0000, 576706880.0000, 576702848.0000, 576707008.0000
97, 4065, -1454075904.0000, -1454088192.0000, -1454075904.0000, -1454088192.0000, 1454077440.0000, 1454088576.0000, 1454077440.0000, 1454088576.0000
98, 4065, -3666257920.0000, -3666287872.0000, -3666257920.0000, -3666287872.0000, 3666259456.0000, 3666288384.0000, 3666259456.0000, 3666288384.0000
99, 4065, -9243977728.0000, -9244051456.0000, -9243977728.0000, -9244051456.0000, 9243977728.0000, 9244051456.0000, 9243977728.0000, 9244051456.0000
100, 4065, -23307444224.0000, -23307630592.0000, -23307444224.0000, -23307630592.0000, 23307446272.0000, 23307630592.0000, 23307446272.0000, 23307630592.0000
101, 4065, -58766585856.0000, -58767048704.0000, -58766585856.0000, -58767048704.0000, 58766585856.0000, 58767048704.0000, 58766585856.0000, 58767048704.0000
102, 4065, -148172046336.0000, -148173209600.0000, -148172046336.0000, -148173209600.0000, 148172046336.0000, 148173209600.0000, 148172046336.0000, 148173209600.0000
103, 4065, -373595865088.0000, -373598781440.0000, -373595865088.0000, -373598781440.0000, 373595832320.0000, 373598781440.0000, 373595832320.0000, 373598781440.0000
104, 4065, -941971668992.0000, -941979074560.0000, -941971668992.0000, -941979074560.0000, 941971603456.0000, 941979074560.0000, 941971603456.0000, 941979074560.0000
105, 4065, -2375054786560.0000, -2375073398784.0000, -2375054786560.0000, -2375073398784.0000, 2375054786560.0000, 2375073398784.0000, 2375054786560.0000, 2375073398784.0000
106, 4065, -5988380835840.0000, -5988428021760.0000, -5988380835840.0000, -5988428021760.0000, 5988380835840.0000, 5988428021760.0000, 5988380835840.0000, 5988428021760.0000
107, 4065, -15098895663104.0000, -15099015200768.0000, -15098895663104.0000, -15099015200768.0000, 15098895663104.0000, 15099015200768.0000, 15098895663104.0000, 15099015200768.0000
108, 4065, -38069830942720.0000, -38070132932608.0000, -38069830942720.0000, -38070132932608.0000, 38069830942720.0000, 38070132932608.0000, 38069830942720.0000, 38070132932608.0000
109, 4065, -95987955662848.0000, -95988710637568.0000, -95987955662848.0000, -95988710637568.0000, 95987955662848.0000, 95988710637568.0000, 95987955662848.0000, 95988710637568.0000
110, 4065, -242020702486528.0000, -242022615089152.0000, -242020702486528.0000, -242022615089152.0000, 242020702486528.0000, 242022615089152.0000, 242020702486528.0000, 242022615089152.0000
111, 4065, -610222645182464.0000, -610227477020672.0000, -610222645182464.0000, -610227477020672.0000, 610222645182464.0000, 610227477020672.0000, 610222645182464.0000, 610227477020672.0000
112, 4065, -1538594187509760.0000, -1538606401323008.0000, -1538594187509760.0000, -1538606401323008.0000, 1538594187509760.0000, 1538606401323008.0000, 1538594187509760.0000, 1538606401323008.0000
113, 4065, -3879358343151616.0000, -3879388944793600.0000, -3879358343151616.0000, -3879388944793600.0000, 3879358343151616.0000, 3879388944793600.0000, 3879358343151616.0000, 3879388944793600.0000
114, 4065, -9781280136757248.0000, -9781356372426752.0000, -9781280136757248.0000, -9781356372426752.0000, 9781280136757248.0000, 9781356372426752.0000, 9781280136757248.0000, 9781356372426752.0000
115, 4065, -24662178955001856.0000, -24662374376013824.0000, -24662178955001856.0000, -24662374376013824.0000, 24662178955001856.0000, 24662374376013824.0000, 24662178955001856.0000, 24662374376013824.0000
116, 4065, -62182364712796160.0000, -62182854339067904.0000, -62182364712796160.0000, -62182854339067904.0000, 62182364712796160.0000, 62182854339067904.0000, 62182364712796160.0000, 62182854339067904.0000
117, 4065, -156784448245858304.0000, -156785685196439552.0000, -156784448245858304.0000, -156785685196439552.0000, 156784448245858304.0000, 156785685196439552.0000, 156784448245858304.0000, 156785685196439552.0000
118, 4065, -395310885867880448.0000, -395314012604071936.0000, -395310885867880448.0000, -395314012604071936.0000, 395310885867880448.0000, 395314012604071936.0000, 395310885867880448.0000, 395314012604071936.0000
119, 4065, -996723164778070016.0000, -996731067517894656.0000, -996723164778070016.0000, -996731067517894656.0000, 996723164778070016.0000, 996731067517894656.0000, 996723164778070016.0000, 996731067517894656.0000
120, 4065, -2513103150072725504.0000, -2513123216159932416.0000, -2513103150072725504.0000, -2513123216159932416.0000, 2513103150072725504.0000, 2513123216159932416.0000, 2513103150072725504.0000, 2513123216159932416.0000
121, 4065, -6336451426012626944.0000, -6336502003547504640.0000, -6336451426012626944.0000, -6336502003547504640.0000, 6336451426012626944.0000, 6336502003547504640.0000, 6336451426012626944.0000, 6336502003547504640.0000
122, 4065, -15976509782492184576.0000, -15976637325841006592.0000, -15976509782492184576.0000, -15976637325841006592.0000, 15976509782492184576.0000, 15976637325841006592.0000, 15976509782492184576.0000, 15976637325841006592.0000
123, 4065, -40282618390829334528.0000, -40282939448224645120.0000, -40282618390829334528.0000, -40282939448224645120.0000, 40282618390829334528.0000, 40282939448224645120.0000, 40282618390829334528.0000, 40282939448224645120.0000
124, 4065, -101567193101761511424.0000, -101568011138412576768.0000, -101567193101761511424.0000, -101568011138412576768.0000, 101567193101761511424.0000, 101568011138412576768.0000, 101567193101761511424.0000, 101568011138412576768.0000
125, 4065, -256088009689308069888.0000, -256090085567261310976.0000, -256088009689308069888.0000, -256090085567261310976.0000, 256088009689308069888.0000, 256090085567261310976.0000, 256088009689308069888.0000, 256090085567261310976.0000
126, 4065, -645691493150246305792.0000, -645696700437315452928.0000, -645691493150246305792.0000, -645696700437315452928.0000, 645691493150246305792.0000, 645696700437315452928.0000, 645691493150246305792.0000, 645696700437315452928.0000
127, 4065, -1628024102959181725696.0000, -1628037332283087126528.0000, -1628024102959181725696.0000, -1628037332283087126528.0000, 1628024102959181725696.0000, 1628037332283087126528.0000, 1628024102959181725696.0000, 1628037332283087126528.0000
128, 4065, -4104843598013717807104.0000, -4104876812060969664512.0000, -4104843598013717807104.0000, -4104876812060969664512.0000, 4104843598013717807104.0000, 4104876812060969664512.0000, 4104843598013717807104.0000, 4104876812060969664512.0000
129, 4065, -10349810123852870582272.0000, -10349893440445976936448.0000, -10349810123852870582272.0000, -10349893440445976936448.0000, 10349810123852870582272.0000, 10349893440445976936448.0000, 10349810123852870582272.0000, 10349893440445976936448.0000
130, 4065, -26095653177235974651904.0000, -26095864846418461065216.0000, -26095653177235974651904.0000, -26095864846418461065216.0000, 26095653177235974651904.0000, 26095864846418461065216.0000, 26095653177235974651904.0000, 26095864846418461065216.0000
131, 4065, -65796676325158590349312.0000, -65797212253514247438336.0000, -65796676325158590349312.0000, -65797212253514247438336.0000, 65796676325158590349312.0000, 65797212253514247438336.0000, 65796676325158590349312.0000, 65797212253514247438336.0000
132, 4065, -165897460163182598291456.0000, -165898811243070809440256.0000, -165897460163182598291456.0000, -165898811243070809440256.0000, 165897460163182598291456.0000, 165898811243070809440256.0000, 165897460163182598291456.0000, 165898811243070809440256.0000
133, 4065, -418288100408287387713536.0000, -418291523144004189290496.0000, -418288100408287387713536.0000, -418291523144004189290496.0000, 418288100408287387713536.0000, 418291523144004189290496.0000, 418288100408287387713536.0000, 418291523144004189290496.0000
134, 4065, -1054657140078076953100288.0000, -1054665786989361504452608.0000, -1054657140078076953100288.0000, -1054665786989361504452608.0000, 1054657140078076953100288.0000, 1054665786989361504452608.0000, 1054657140078076953100288.0000, 1054665786989361504452608.0000
135, 4065, -2659175980426792827617280.0000, -2659197885935380357709824.0000, -2659175980426792827617280.0000, -2659197885935380357709824.0000, 2659175980426792827617280.0000, 2659197885935380357709824.0000, 2659175980426792827617280.0000, 2659197885935380357709824.0000
136, 4065, -6704754481662126729461760.0000, -6704809245433595554693120.0000, -6704754481662126729461760.0000, -6704809245433595554693120.0000, 6704754481662126729461760.0000, 6704809245433595554693120.0000, 6704754481662126729461760.0000, 6704809245433595554693120.0000
137, 4065, -16905135836411589105287168.0000, -16905274186992141926924288.0000, -16905135836411589105287168.0000, -16905274186992141926924288.0000, 16905135836411589105287168.0000, 16905274186992141926924288.0000, 16905135836411589105287168.0000, 16905274186992141926924288.0000
138, 4065, -42624024534149196570165248.0000, -42624375022286597051645952.0000, -42624024534149196570165248.0000, -42624375022286597051645952.0000, 42624024534149196570165248.0000, 42624375022286597051645952.0000, 42624024534149196570165248.0000, 42624375022286597051645952.0000
139, 4065, -107470740196803884569591808.0000, -107471616417147385773293568.0000, -107470740196803884569591808.0000, -107471616417147385773293568.0000, 107470740196803884569591808.0000, 107471616417147385773293568.0000, 107470740196803884569591808.0000, 107471616417147385773293568.0000
140, 4065, -270973004348898689433993216.0000, -270975217958187534580187136.0000, -270973004348898689433993216.0000, -270975217958187534580187136.0000, 270973004348898689433993216.0000, 270975217958187534580187136.0000, 270973004348898689433993216.0000, 270975217958187534580187136.0000
97, 4069, 581.4291, 126.7287, 633.7900, 245.5447, 605.4945, 150.7939, 657.8555, 269.6099
98, 4069, 560.6676, 103.0389, 609.1613, 213.0804, 626.2271, 168.5977, 674.7207, 278.6393
99, 4069, 509.3317, 45.5279, 561.3203, 163.4994, 678.7911, 214.9857, 730.7797, 332.9572
100, 4069, 381.3208, -83.7961, 438.3234, 45.5531, 811.6902, 346.5693, 868.6928, 475.9185
101, 4069, 57.3390, -413.3982, 110.1714, -293.5125, 1146.3043, 675.5570, 1199.1366, 795.4427
102, 4069, -771.1836, -1243.7100, -718.8907, -1125.0488, 1976.4553, 1503.9033, 2028.7483, 1622.5645
103, 4069, -2858.6050, -3330.9412, -2810.2056, -3221.1135, 4070.6179, 3598.2170, 4119.0176, 3708.0447
104, 4069, -8132.5156, -8612.1543, -8066.7490, -8462.9180, 9339.6240, 8859.8223, 9405.3916, 9009.0586
105, 4069, -21413.7188, -21892.5723, -21363.6562, -21778.9668, 22640.6875, 22161.4199, 22690.7500, 22275.0254
106, 4069, -54921.1250, -55401.1875, -54869.2969, -55283.5703, 56156.6875, 55675.5820, 56208.5156, 55793.1992
107, 4069, -139416.1875, -139895.3750, -139363.9688, -139776.9062, 140653.6094, 140171.7656, 140705.8281, 140290.2344
108, 4069, -352458.1562, -352934.0000, -352409.7188, -352824.1250, 353700.7500, 353218.3125, 353749.1875, 353328.1875
109, 4069, -889617.2500, -890095.7500, -889565.2500, -889977.8750, 890867.8125, 890372.6875, 890919.8125, 890490.5625
110, 4069, -2244000.2500, -2244468.0000, -2243947.7500, -2244349.0000, 2245253.2500, 2244744.0000, 2245305.7500, 2244863.0000
111, 4069, -5658897.5000, -5659334.0000, -5658845.5000, -5659215.0000, 5660151.0000, 5659609.5000, 5660203.0000, 5659728.5000
112, 4069, -14269097.0000, -14269456.0000, -14269041.0000, -14269326.0000, 14270360.0000, 14269737.0000, 14270416.0000, 14269867.0000
113, 4069, -35978572.0000, -35978732.0000, -35978500.0000, -35978572.0000, 35979828.0000, 35979008.0000, 35979900.0000, 35979168.0000
114, 4069, -90716064.0000, -90715744.0000, -90716016.0000, -90715616.0000, 90717352.0000, 90716016.0000, 90717400.0000, 90716144.0000
115, 4069, -228729328.0000, -228727744.0000, -228729264.0000, -228727616.0000, 228730608.0000, 228728016.0000, 228730672.0000, 228728144.0000
116, 4069, -576711168.0000, -576706432.0000, -576711168.0000, -576706304.0000, 576712512.0000, 576706688.0000, 576712512.0000, 576706816.0000
117, 4069, -1454100608.0000, -1454087680.0000, -1454100608.0000, -1454087680.0000, 1454102016.0000, 1454088192.0000, 1454102016.0000, 1454088192.0000
118, 4069, -3666319872.0000, -3666286592.0000, -3666319872.0000, -3666286592.0000, 3666321408.0000, 3666287104.0000, 3666321408.0000, 3666287104.0000
119, 4069, -9244133376.0000, -9244048384.0000, -9244133376.0000, -9244048384.0000, 9244134400.0000, 9244048384.0000, 9244134400.0000, 9244048384.0000
120, 4069, -23307837440.0000, -23307624448.0000, -23307837440.0000, -23307624448.0000, 23307841536.0000, 23307624448.0000, 23307841536.0000, 23307624448.0000
121, 4069, -58767581184.0000, -58767036416.0000, -58767581184.0000, -58767036416.0000, 58767581184.0000, 58767036416.0000, 58767581184.0000, 58767036416.0000
122, 4069, -148174553088.0000, -148173176832.0000, -148174553088.0000, -148173176832.0000, 148174553088.0000, 148173176832.0000, 148174553088.0000, 148173176832.0000
123, 4069, -373602189312.0000, -373598715904.0000, -373602189312.0000, -373598715904.0000, 373602189312.0000, 373598715904.0000, 373602189312.0000, 373598715904.0000
124, 4069, -941987594240.0000, -941978877952.0000, -941987594240.0000, -941978877952.0000, 941987594240.0000, 941978877952.0000, 941987594240.0000, 941978877952.0000
125, 4069, -2375094894592.0000, -2375072874496.0000, -2375094894592.0000, -2375072874496.0000, 2375094894592.0000, 2375072874496.0000, 2375094894592.0000, 2375072874496.0000
126, 4069, -5988482023424.0000, -5988425924608.0000, -5988482023424.0000, -5988425924608.0000, 5988482023424.0000, 5988425924608.0000, 5988482023424.0000, 5988425924608.0000
127, 4069, -15099152564224.0000, -15099009957888.0000, -15099152564224.0000, -15099009957888.0000, 15099152564224.0000, 15099009957888.0000, 15099152564224.0000, 15099009957888.0000
128, 4069, -38070481059840.0000, -38070120349696.0000, -38070481059840.0000, -38070120349696.0000, 38070481059840.0000, 38070120349696.0000, 38070481059840.0000, 38070120349696.0000
129, 4069, -95989591441408.0000, -95988685471744.0000, -95989591441408.0000, -95988685471744.0000, 95989591441408.0000, 95988685471744.0000, 95989591441408.0000, 95988685471744.0000
130, 4069, -242024829681664.0000, -242022547980288.0000, -242024829681664.0000, -242022547980288.0000, 242024829681664.0000, 242022547980288.0000, 242024829681664.0000, 242022547980288.0000
131, 4069, -610232979947520.0000, -610227275694080.0000, -610232979947520.0000, -610227275694080.0000, 610232979947520.0000, 610227275694080.0000, 610232979947520.0000, 610227275694080.0000
132, 4069, -1538620359966720.0000, -1538605998669824.0000, -1538620359966720.0000, -1538605998669824.0000, 1538620359966720.0000, 1538605998669824.0000, 1538620359966720.0000, 1538605998669824.0000
133, 4069, -3879424109838336.0000, -3879387871051776.0000, -3879424109838336.0000, -3879387871051776.0000, 3879424109838336.0000, 3879387871051776.0000, 3879424109838336.0000, 3879387871051776.0000
134, 4069, -9781446566739968.0000, -9781354224943104.0000, -9781446566739968.0000, -9781354224943104.0000, 9781446566739968.0000, 9781354224943104.0000, 9781446566739968.0000, 9781354224943104.0000
135, 4069, -24662599861796864.0000, -24662367933562880.0000, -24662599861796864.0000, -24662367933562880.0000, 24662599861796864.0000, 24662367933562880.0000, 24662599861796864.0000, 24662367933562880.0000
136, 4069, -62183429864685568.0000, -62182841454166016.0000, -62183429864685568.0000, -62182841454166016.0000, 62183429864685568.0000, 62182841454166016.0000, 62183429864685568.0000, 62182841454166016.0000
137, 4069, -156787145485320192.0000, -156785668016570368.0000, -156787145485320192.0000, -156785668016570368.0000, 156787145485320192.0000, 156785668016570368.0000, 156787145485320192.0000, 156785668016570368.0000
138, 4069, -395317654736338944.0000, -395313943884595200.0000, -395317654736338944.0000, -395313943884595200.0000, 395317654736338944.0000, 395313943884595200.0000, 395317654736338944.0000, 395313943884595200.0000
139, 4069, -996740275927777280.0000, -996730930078941184.0000, -996740275927777280.0000, -996730930078941184.0000, 996740275927777280.0000, 996730930078941184.0000, 996740275927777280.0000, 996730930078941184.0000
140, 4069, -2513146580782022656.0000, -2513122941282025472.0000, -2513146580782022656.0000, -2513122941282025472.0000, 2513146580782022656.0000, 2513122941282025472.0000, 2513146580782022656.0000, 2513122941282025472.0000
141, 4069, -6336560827419590656.0000, -6336500904035876864.0000, -6336560827419590656.0000, -6336500904035876864.0000, 6336560827419590656.0000, 6336500904035876864.0000, 6336560827419590656.0000, 6336500904035876864.0000
142, 4069, -15976783560887500800.0000, -15976634027306123264.0000, -15976783560887500800.0000, -15976634027306123264.0000, 15976783560887500800.0000, 15976634027306123264.0000, 15976783560887500800.0000, 15976634027306123264.0000
143, 4069, -40283308884131577856.0000, -40282930652131622912.0000, -40283308884131577856.0000, -40282930652131622912.0000, 40283308884131577856.0000, 40282930652131622912.0000, 40283308884131577856.0000, 40282930652131622912.0000
131, 4072, 789.3746, 150.6465, 875.0365, 345.0334, 813.4400, 174.7115, 899.1019, 369.0984
132, 4072, 779.3207, 127.5841, 865.1954, 322.4548, 844.8800, 193.1424, 930.7548, 388.0131
133, 4072, 740.3595, 75.1498, 826.1066, 269.7311, 909.8187, 244.6064, 995.5657, 439.1877
134, 4072, 632.6323, -43.1357, 713.3410, 140.0122, 1063.0011, 387.2266, 1143.7098, 570.3744
135, 4072, 320.0432, -382.2771, 405.2185, -188.9932, 1409.0071, 706.6702, 1494.1824, 899.9541
136, 4072, -494.3703, -1203.0548, -408.6908, -1008.6263, 2253.2649, 1544.5385, 2338.9446, 1738.9669
137, 4072, -2571.9722, -3301.9438, -2486.2959, -3107.5229, 4357.2412, 3627.1636, 4442.9170, 3821.5850
138, 4072, -7830.6543, -8565.1729, -7745.0098, -8370.8252, 9641.4609, 8906.6768, 9727.1055, 9101.0244
139, 4072, -21098.2949, -21853.6855, -21012.6660, -21659.3730, 22956.0449, 22199.9844, 23041.6738, 22394.2969
140, 4072, -54594.1875, -55364.4648, -54508.5625, -55170.1680, 56483.4609, 55711.4922, 56569.0859, 55905.7891
141, 4072, -139066.7656, -139867.1875, -138971.4219, -139650.8438, 141002.6094, 140197.9375, 141097.9531, 140414.2812
142, 4072, -352082.6562, -352900.6875, -351996.0938, -352704.1875, 354075.2188, 353246.4688, 354161.7812, 353442.9688
143, 4072, -889218.7500, -890054.3750, -889133.2500, -889860.3750, 891263.8750, 890401.0000, 891349.3750, 890595.0000
144, 4072, -2243574.2500, -2244416.5000, -2243488.7500, -2244222.5000, 2245673.2500, 2244762.5000, 2245758.7500, 2244956.5000
145, 4072, -5658430.5000, -5659257.0000, -5658344.5000, -5659063.0000, 5660603.0000, 5659603.0000, 5660689.0000, 5659797.0000
