24, 3600, 642.3250, 54.8850, 672.2707, 122.8379, 886.8110, 299.3694, 916.7567, 367.3223
19, 3599, 858.7416, 164.6745, 889.4230, 234.2977, 882.8070, 188.7396, 913.4884, 258.3629
20, 3599, 852.8288, 135.6634, 886.6230, 212.3503, 918.3881, 201.2222, 952.1823, 277.9090
21, 3599, 816.1852, 82.0762, 850.2188, 159.3060, 985.6443, 251.5338, 1019.6779, 328.7636
22, 3599, 706.4221, -54.6895, 743.1953, 28.7568, 1136.7906, 375.6754, 1173.5638, 459.1217
23, 3599, 400.4590, -375.9171, 437.4485, -291.9798, 1489.4222, 713.0370, 1526.4117, 796.9742
24, 3599, -412.8560, -1213.0643, -361.8100, -1097.2289, 2334.7778, 1534.5461, 2385.8237, 1650.3816
25, 3599, -2469.3032, -3295.3135, -2420.8560, -3185.3755, 4459.9067, 3633.8374, 4508.3540, 3743.7754
26, 3599, -7705.0742, -8566.4883, -7653.3994, -8449.2266, 9767.0342, 8905.4707, 9818.7080, 9022.7324
27, 3599, -20962.7852, -21859.5449, -20906.1289, -21730.9785, 23091.5391, 22194.4043, 23148.1953, 22322.9707
28, 3599, -54428.3086, -55379.6797, -54360.9258, -55226.7734, 56649.2969, 55696.9805, 56716.6797, 55849.8867
29, 3599, -138862.0312, -139875.2031, -138793.8125, -139720.4219, 141207.2188, 140191.6875, 141275.4375, 140346.4688
21, 3601, 847.5240, 144.5084, 887.0142, 234.1214, 871.5887, 168.5734, 911.0790, 258.1864
22, 3601, 844.1154, 126.4670, 884.3233, 217.7081, 909.6732, 192.0253, 949.8810, 283.2664
23, 3601, 805.6134, 75.8382, 845.7317, 166.8757, 975.0684, 245.2948, 1015.1867, 336.3323
24, 3601, 700.2182, -48.9241, 743.6779, 49.6961, 1130.5767, 381.4383, 1174.0364, 480.0585
25, 3601, 399.4474, -380.7007, 447.0953, -272.5771, 1488.3850, 708.2470, 1536.0330, 816.3707
26, 3601, -404.9946, -1212.4102, -353.2825, -1095.0630, 2342.5742, 1535.1843, 2394.2866, 1652.5315
27, 3601, -2462.5027, -3306.3462, -2405.7874, -3177.6460, 4466.5439, 3622.7646, 4523.2598, 3751.4648
28, 3601, -7691.4365, -8577.7031, -7634.3779, -8448.2246, 9780.2598, 8894.1543, 9837.3184, 9023.6328
29, 3601, -20936.4082, -21879.1797, -20869.0996, -21726.4375, 23116.8770, 22174.5137, 23184.1855, 22327.2559
30, 3601, -54390.4766, -55399.5625, -54309.4688, -55215.7344, 56684.5117, 55676.4531, 56765.5195, 55860.2812
34, 3608, 796.2484, 150.9253, 827.0424, 220.8046, 820.3135, 174.9905, 851.1074, 244.8698
35, 3608, 784.4272, 142.0910, 818.1262, 218.5622, 849.9857, 207.6498, 883.6847, 284.1210
36, 3608, 742.2448, 92.0752, 771.0276, 157.3901, 911.7018, 261.5331, 940.4846, 326.8481
40, 3608, -844.7318, -1546.7283, -809.2301, -1466.1672, 2603.7864, 1901.8088, 2639.2878, 1982.3699
41, 3608, -3437.5637, -4154.4844, -3400.9397, -4071.3767, 5227.5796, 4510.7065, 5264.2036, 4593.8140
42, 3608, -10009.2979, -10738.3516, -9972.4678, -10654.7754, 11832.8672, 11103.9326, 11869.6973, 11187.5088
43, 3608, -26606.3145, -27350.4570, -26563.0879, -27252.3633, 28468.1133, 27724.2715, 28511.3398, 27822.3652
45, 3614, 239.5182, 161.5146, 279.2186, 251.6036, 263.5833, 185.5797, 303.2838, 275.6688
46, 3614, 199.0182, 145.5513, 239.1765, 236.6792, 264.5770, 211.1101, 304.7353, 302.2380
47, 3614, 127.8472, 91.0322, 171.3541, 189.7592, 297.3050, 260.4900, 340.8118, 359.2170
48, 3614, -31.3834, -44.4205, 16.2845, 63.7483, 398.9819, 385.9449, 446.6498, 494.1136
49, 3614, -384.9901, -369.7379, -340.9082, -269.7061, 703.9649, 719.2173, 748.0468, 819.2490
50, 3614, -1254.0509, -1198.1415, -1202.7435, -1081.7125, 1493.5619, 1549.4719, 1544.8693, 1665.9009
51, 3614, -3378.1287, -3287.2478, -3326.1633, -3169.3254, 3551.0286, 3641.9106, 3602.9939, 3759.8330
52, 3614, -8692.0684, -8553.3105, -8635.4277, -8424.7773, 8779.9062, 8918.6670, 8836.5469, 9047.2002
64, 3636, 136.0790, 153.3082, 192.8526, 282.1409, 160.1441, 177.3734, 216.9178, 306.2061
65, 3636, 87.1850, 134.5989, 144.2416, 264.0727, 152.7437, 200.1578, 209.8003, 329.6316
66, 3636, -15.3235, 80.5230, 47.0236, 222.0016, 154.1340, 249.9810, 216.4810, 391.4596
67, 3636, -188.3700, -49.7238, -125.6000, 92.7144, 241.9945, 380.6422, 304.7645, 523.0803
64, 3635, 780.3971, 150.3618, 814.4548, 227.6465, 804.4620, 174.4269, 838.5198, 251.7117
65, 3635, 765.2097, 135.8935, 801.9913, 219.3590, 830.7679, 201.4522, 867.5495, 284.9177
66, 3635, 719.3417, 86.3416, 756.3341, 170.2853, 888.7980, 255.7992, 925.7904, 339.7429
67, 3635, 595.3098, -57.7450, 638.6006, 40.4919, 1025.6713, 372.6198, 1068.9623, 470.8567
68, 3635, 269.9657, -390.2148, 317.6874, -281.9240, 1358.9114, 698.7390, 1406.6331, 807.0297
69, 3635, -552.8203, -1212.6223, -504.8158, -1103.6902, 2194.7688, 1534.9875, 2242.7732, 1643.9197
73, 3647, 870.8156, 155.9802, 933.6518, 298.5685, 894.8809, 180.0453, 957.7171, 322.6336
74, 3647, 880.0364, 148.5758, 937.7731, 279.5917, 945.5956, 214.1343, 1003.3323, 345.1503
67, 3640, 888.9857, 151.7282, 922.4937, 227.7654, 913.0508, 175.7933, 946.5588, 251.8305
68, 3640, 879.1377, 127.1335, 915.9193, 210.5991, 944.6964, 192.6921, 981.4780, 276.1577
69, 3640, 836.5667, 75.3895, 876.4867, 165.9766, 1006.0241, 244.8469, 1045.9441, 335.4340
70, 3640, 722.6414, -54.2377, 762.7678, 36.8175, 1153.0059, 376.1266, 1193.1323, 467.1818
71, 3640, 406.6720, -373.4482, 446.7228, -282.5645, 1495.6248, 715.5043, 1535.6755, 806.3880
72, 3640, -409.0553, -1204.7479, -365.6228, -1106.1901, 2338.5518, 1542.8585, 2381.9844, 1641.4164
73, 3640, -2481.1560, -3302.7427, -2429.7395, -3186.0669, 4447.9868, 3626.3984, 4499.4028, 3743.0742
74, 3640, -7734.9414, -8574.7129, -7682.8887, -8456.5918, 9736.9971, 8897.2207, 9789.0498, 9015.3418
75, 3640, -21006.5977, -21876.3105, -20949.9219, -21747.6973, 23047.2988, 22177.5762, 23103.9746, 22306.1895
76, 3640, -54492.5625, -55382.1875, -54435.5391, -55252.7969, 56583.9648, 55694.3125, 56640.9883, 55823.7031
77, 3640, -138970.8594, -139883.7500, -138890.5781, -139701.5625, 141095.6719, 140182.7344, 141175.9531, 140364.9219
78, 3640, -351995.0312, -352929.2812, -351901.3438, -352716.6562, 354155.6562, 353221.3125, 354249.3438, 353433.9375
79, 3640, -889101.1250, -890084.8750, -889006.6250, -889870.3750, 891363.2500, 890379.3125, 891457.7500, 890593.8125
74, 3637, -610.6600, -1406.7078, -558.8224, -1289.0764, 2534.7712, 1738.7542, 2586.6086, 1856.3855
75, 3637, -2974.4590, -3808.8242, -2901.3760, -3642.9824, 4925.0278, 4090.7397, 4998.1108, 4256.5815
76, 3637, -8956.4424, -9807.8779, -8881.7646, -9638.4189, 10953.5635, 10102.3242, 11028.2412, 10271.7832
77, 3637, -24066.2793, -24960.5801, -23984.8691, -24775.8418, 26134.7754, 25240.9707, 26216.1855, 25425.7090
73, 3645, 242.4254, 153.1587, 279.1375, 236.4662, 266.4904, 177.2239, 303.2025, 260.5314
74, 3645, 209.1095, 132.3073, 246.0739, 216.1873, 274.6679, 197.8661, 311.6323, 281.7461
75, 3645, 141.0062, 80.3513, 177.9390, 164.1595, 310.4630, 249.8092, 347.3958, 333.6173
76, 3645, -6.6016, -45.2009, 30.2998, 38.5359, 423.7611, 385.1646, 460.6625, 468.9014
77, 3645, -357.6875, -381.5240, -314.4441, -283.3951, 731.2611, 707.4313, 774.5045, 805.5602
78, 3645, -1207.2972, -1206.7465, -1163.5001, -1107.3605, 1540.2994, 1540.8673, 1584.0966, 1640.2533
85, 3669, 839.9582, 211.2925, 871.1337, 282.0373, 864.0232, 235.3576, 895.1987, 306.1024
86, 3669, 836.7624, 189.6345, 873.2988, 272.5440, 902.3207, 255.1932, 938.8571, 338.1028
71, 3638, 437.2811, -151.4202, 474.5660, -66.8125, 1056.3540, 467.6484, 1093.6389, 552.2561
72, 3638, -24.2065, -612.1826, 9.9212, -534.7393, 1533.0762, 945.0892, 1567.2039, 1022.5326
73, 3638, -1202.1539, -1803.3674, -1168.3480, -1726.6543, 2723.7424, 2122.5017, 2757.5486, 2199.2151
74, 3638, -4189.5269, -4790.4004, -4152.8794, -4707.2402, 5709.8530, 5108.9111, 5746.5005, 5192.0713
75, 3638, -11716.9414, -12325.4385, -11673.6543, -12227.2100, 13243.7783, 12635.1084, 13287.0654, 12733.3369
76, 3638, -30692.9395, -31307.6484, -30655.3652, -31222.3828, 32242.6504, 31627.5039, 32280.2246, 31712.7695
77, 3638, -78564.7266, -79186.8438, -78517.5859, -79079.8750, 80119.2031, 79495.9922, 80166.3438, 79602.9609
78, 3638, -199259.1562, -199896.7500, -199207.4062, -199779.3125, 200842.8750, 200202.5312, 200894.6250, 200319.9688
79, 3638, -503599.7500, -504238.6562, -503547.7500, -504120.5938, 505204.2188, 504558.3750, 505256.2188, 504676.4375
80, 3638, -1270970.8750, -1271614.7500, -1270914.1250, -1271486.2500, 1272593.1250, 1271931.7500, 1272649.8750, 1272060.2500
81, 3638, -3205806.0000, -3206457.0000, -3205738.5000, -3206304.0000, 3207448.5000, 3206753.2500, 3207516.0000, 3206906.2500
82, 3638, -8084237.5000, -8084866.5000, -8084169.5000, -8084711.5000, 8085920.5000, 8085179.5000, 8085988.5000, 8085334.5000
83, 3638, -20384574.0000, -20385140.0000, -20384506.0000, -20384984.0000, 20386302.0000, 20385456.0000, 20386370.0000, 20385612.0000
84, 3638, -51398252.0000, -51398632.0000, -51398172.0000, -51398448.0000, 51400024.0000, 51398936.0000, 51400104.0000, 51399120.0000
85, 3638, -129595096.0000, -129594968.0000, -129595000.0000, -129594760.0000, 129596928.0000, 129595272.0000, 129597024.0000, 129595480.0000
86, 3638, -326757920.0000, -326756512.0000, -326757856.0000, -326756320.0000, 326759872.0000, 326756768.0000, 326759936.0000, 326756960.0000
87, 3638, -823877568.0000, -823872768.0000, -823877440.0000, -823872512.0000, 823879552.0000, 823873024.0000, 823879680.0000, 823873280.0000
89, 3680, 352.1777, 155.4376, 383.0783, 225.5587, 376.2427, 179.5028, 407.1433, 249.6239
90, 3680, 307.9013, 131.4718, 344.4852, 214.4892, 373.4597, 197.0306, 410.0436, 280.0480
91, 3680, 238.9166, 76.2964, 278.8703, 166.9602, 408.3735, 245.7542, 448.3271, 336.4180
92, 3680, 86.0530, -49.3511, 126.2073, 41.7678, 516.4160, 381.0143, 556.5703, 472.1332
93, 3680, -263.3441, -372.3123, -223.2810, -281.4005, 825.6051, 716.6429, 865.6682, 807.5548
94, 3680, -1109.2772, -1191.5393, -1072.1637, -1107.3208, 1638.3210, 1556.0743, 1675.4346, 1640.2928
95, 3680, -3230.2598, -3284.2695, -3190.5469, -3194.1528, 3698.8608, 3644.8892, 3738.5737, 3735.0059
97, 3700, 997.3382, 162.1824, 1025.8838, 226.9593, 1021.4034, 186.2476, 1049.9491, 251.0245
98, 3700, 984.6517, 135.2992, 1018.2051, 211.4399, 1050.2107, 200.8581, 1083.7642, 276.9987
99, 3700, 946.0065, 80.4252, 982.8218, 163.9674, 1115.4651, 249.8831, 1152.2803, 333.4254
100, 3700, 832.1976, -50.1768, 869.2349, 33.8691, 1262.5648, 380.1889, 1299.6022, 464.2348
101, 3700, 520.1219, -379.4484, 557.0858, -295.5694, 1609.0819, 709.5076, 1646.0458, 793.3867
102, 3700, -296.9335, -1208.7842, -260.0206, -1125.0210, 2450.6919, 1538.8313, 2487.6050, 1622.5945
103, 3700, -2372.1133, -3298.3472, -2332.3154, -3208.0371, 4557.0757, 3630.8167, 4596.8735, 3721.1267
104, 3700, -7618.4106, -8573.4512, -7574.9253, -8474.7734, 9853.6445, 8898.5400, 9897.1289, 8997.2178
105, 3700, -20890.0527, -21871.1797, -20842.3770, -21762.9922, 23164.1387, 22182.8516, 23211.8145, 22291.0391
103, 3708, 1100.5690, 149.3522, 1144.4674, 248.9683, 1124.6337, 173.4174, 1168.5321, 273.0335
104, 3708, 1103.0771, 122.3710, 1150.7700, 230.5970, 1168.6346, 187.9298, 1216.3275, 296.1558
105, 3708, 1074.6260, 67.5915, 1126.3369, 184.9363, 1244.0803, 237.0493, 1295.7913, 354.3941
106, 3708, 975.1697, -55.9665, 1027.1475, 61.9841, 1405.5261, 374.3989, 1457.5039, 492.3495
98, 3701, 915.6897, 154.9675, 946.5107, 224.9085, 939.7550, 179.0325, 970.5760, 248.9735
99, 3701, 900.8708, 134.2209, 931.6918, 204.1619, 966.4300, 199.7791, 997.2510, 269.7201
100, 3701, 861.2363, 82.2718, 892.0574, 152.2128, 1030.6952, 251.7282, 1061.5162, 321.6692
101, 3701, 740.8038, -48.1809, 771.6249, 21.7601, 1171.1718, 382.1809, 1201.9928, 452.1219
102, 3701, 423.7959, -377.8950, 457.5238, -301.3580, 1512.7577, 711.0513, 1546.4855, 787.5883
103, 3701, -394.0143, -1212.8927, -357.2280, -1129.4156, 2353.6155, 1534.6982, 2390.4021, 1618.1753
104, 3701, -2473.4434, -3304.6350, -2436.4302, -3220.6438, 4455.7568, 3624.4668, 4492.7695, 3708.4580
105, 3701, -7733.8652, -8576.0928, -7696.9121, -8492.2373, 9738.2168, 8895.7422, 9775.1699, 8979.5977
106, 3701, -21014.2070, -21866.5293, -20974.3945, -21776.1816, 23040.0527, 22187.1074, 23079.8652, 22277.4551
107, 3701, -54508.7227, -55373.2109, -54471.5430, -55288.8516, 56568.7188, 55702.6641, 56605.8984, 55787.0234
108, 3701, -138989.1875, -139870.5312, -138945.9688, -139772.4688, 141079.6719, 140194.3750, 141122.8906, 140292.4375
109, 3701, -352018.9688, -352911.0625, -351975.2188, -352811.7500, 354137.6250, 353235.5312, 354181.3750, 353334.8438
110, 3701, -889161.4375, -890064.7500, -889117.6875, -889965.5000, 891317.7500, 890389.2500, 891361.5000, 890488.5000
111, 3701, -2243523.2500, -2244434.0000, -2243471.7500, -2244317.5000, 2245715.5000, 2244741.2500, 2245767.0000, 2244857.7500
112, 3701, -5658392.0000, -5659273.0000, -5658340.0000, -5659155.0000, 5660619.0000, 5659578.5000, 5660671.0000, 5659696.5000
112, 3712, 675.4780, 154.0686, 703.7293, 218.1776, 691.0279, 169.6185, 719.2792, 233.7274
113, 3712, 660.9509, 141.2793, 691.5825, 210.7901, 701.7718, 182.0999, 732.4034, 251.6107
114, 3712, 628.8207, 109.8970, 659.6934, 179.9550, 733.1931, 214.2688, 764.0657, 284.3268
120, 3723, 663.1868, 141.1791, 703.1528, 231.8701, 687.2515, 165.2441, 727.2174, 255.9351
121, 3723, 641.9758, 116.1479, 685.3781, 214.6372, 707.5333, 181.7062, 750.9355, 280.1955
127, 3723, -1439.6840, -1952.6309, -1402.8556, -1869.0596, 2785.5134, 2272.6189, 2822.3416, 2356.1902
128, 3723, -4636.5903, -5156.5244, -4596.8042, -5066.2412, 5975.7388, 5455.9360, 6015.5249, 5546.2192
129, 3723, -12710.3965, -13233.0273, -12666.9121, -13134.3516, 14037.9082, 13515.6074, 14081.3926, 13614.2832
130, 3723, -33059.6914, -33579.6367, -33022.1914, -33494.5430, 34384.0117, 33864.9023, 34421.5117, 33949.9961
131, 3723, -84364.4062, -84892.5469, -84321.2656, -84794.6562, 85688.2266, 85162.2031, 85731.3672, 85260.0938
119, 3722, 403.9393, 164.7626, 438.2254, 242.5658, 428.0043, 188.8276, 462.2904, 266.6309
120, 3722, 373.4289, 145.1562, 407.3625, 222.1594, 438.9872, 210.7146, 472.9209, 287.7178
121, 3722, 306.2992, 92.1690, 342.9977, 175.4460, 475.7558, 261.6258, 512.4543, 344.9028
122, 3722, 159.5349, -36.8449, 199.3941, 53.6044, 589.8973, 393.5180, 629.7566, 483.9672
123, 3722, -183.6800, -363.2050, -140.1552, -264.4372, 905.2678, 725.7440, 948.7926, 824.5117
124, 3722, -1032.9268, -1196.4229, -981.4616, -1079.6357, 1714.6678, 1551.1747, 1766.1329, 1667.9618
125, 3722, -3146.8579, -3286.9724, -3094.7847, -3168.8049, 3782.2534, 3642.1462, 3834.3267, 3760.3137
126, 3722, -8435.3496, -8551.8633, -8383.4043, -8433.9844, 9036.5098, 8920.0146, 9088.4551, 9037.8936
127, 3722, -21742.2871, -21835.4883, -21690.4434, -21717.8398, 22311.4102, 22218.2539, 22363.2539, 22335.9023
128, 3722, -55287.1875, -55353.1992, -55225.2031, -55212.5352, 55788.8359, 55722.9336, 55850.8203, 55863.5977
129, 3722, -139814.2188, -139844.6875, -139746.4375, -139690.8750, 140251.0781, 140220.8750, 140318.8594, 140374.6875
130, 3722, -352887.6875, -352876.0938, -352819.5625, -352721.4688, 353259.9375, 353272.1875, 353328.0625, 353426.8125
131, 3722, -890090.6875, -890032.9375, -890016.8125, -889865.4375, 890365.9375, 890425.3750, 890439.8125, 890592.8750
132, 3722, -2244501.2500, -2244387.7500, -2244426.7500, -2244219.2500, 2244680.7500, 2244798.2500, 2244755.2500, 2244966.7500
139, 3740, 533.9899, 145.1381, 600.2282, 295.4488, 558.0552, 169.2033, 624.2935, 319.5140
146, 3744, 667.3419, 152.1215, 704.9579, 237.4806, 691.4070, 176.1866, 729.0229, 261.5457
147, 3744, 649.7606, 123.4785, 692.9599, 221.5079, 715.3190, 189.0370, 758.5184, 287.0664
175, 3763, 287.0821, -142.5209, 317.9040, -72.5781, 906.1407, 476.5482, 936.9626, 546.4909
202, 3775, 584.1195, 134.4305, 646.5520, 276.1012, 608.1849, 158.4956, 670.6174, 300.1664
212, 3788, 901.8275, 175.4646, 938.8685, 259.5187, 925.8928, 199.5298, 962.9338, 283.5839
213, 3788, 895.1962, 152.8588, 935.0614, 243.3216, 960.7554, 218.4176, 1000.6206, 308.8803
212, 3789, 606.9387, 133.9675, 700.7786, 346.9175, 631.0033, 158.0325, 724.8433, 370.9825
213, 3789, 589.4745, 127.3850, 676.7612, 325.4632, 655.0319, 192.9433, 742.3186, 391.0215
228, 3809, 860.4213, 222.1767, 900.1426, 312.3137, 884.4866, 246.2417, 924.2079, 336.3786
232, 3815, 947.3384, 148.3874, 1035.2123, 347.7964, 971.4037, 172.4525, 1059.2776, 371.8615
233, 3815, 946.5312, 115.8467, 1039.9889, 327.9275, 1012.0903, 181.4054, 1105.5479, 393.4861
218, 3798, 723.3614, 147.4931, 760.2404, 231.1791, 747.4267, 171.5581, 784.3057, 255.2441
219, 3798, 707.1854, 137.9909, 741.2772, 215.3521, 772.7444, 203.5493, 806.8362, 280.9105
220, 3798, 647.0679, 72.3984, 690.0856, 170.0151, 816.5265, 241.8551, 859.5442, 339.4718
221, 3798, 525.1527, -46.2246, 562.7150, 39.0123, 955.5201, 384.1381, 993.0824, 469.3751
222, 3798, 201.9235, -368.2175, 238.7545, -284.6401, 1290.8839, 720.7310, 1327.7150, 804.3083
223, 3798, -627.8940, -1217.9087, -576.9412, -1102.2852, 2119.7327, 1529.6877, 2170.6853, 1645.3113
224, 3798, -2722.2825, -3315.5439, -2665.4333, -3186.5410, 4206.9092, 3613.5715, 4263.7588, 3742.5745
225, 3798, -7987.1582, -8587.3379, -7929.9902, -8457.6113, 9484.9033, 8884.5322, 9542.0713, 9014.2588
226, 3798, -21266.4004, -21867.5723, -21214.1152, -21748.9238, 22787.8066, 22186.1523, 22840.0918, 22304.8008
227, 3798, -54768.9688, -55363.5430, -54717.2734, -55246.2305, 56308.3398, 55712.5469, 56360.0352, 55829.8594
228, 3798, -139249.7188, -139854.5312, -139198.0312, -139737.2188, 140818.7969, 140210.9062, 140870.4844, 140328.2188
229, 3798, -352269.0625, -352863.3750, -352224.9375, -352763.2500, 353886.6562, 353284.5625, 353930.7812, 353384.6875
230, 3798, -889430.1875, -890039.6250, -889368.8125, -889900.3750, 891046.8125, 890417.8125, 891108.1875, 890557.0625
231, 3798, -2243795.7500, -2244403.0000, -2243727.7500, -2244249.0000, 2245437.7500, 2244780.7500, 2245505.7500, 2244934.7500
232, 3798, -5658661.0000, -5659252.5000, -5658587.0000, -5659084.5000, 5660338.0000, 5659620.5000, 5660412.0000, 5659788.5000
233, 3798, -14268803.0000, -14269301.0000, -14268735.0000, -14269145.0000, 14270530.0000, 14269714.0000, 14270598.0000, 14269870.0000
234, 3798, -35978156.0000, -35978452.0000, -35978076.0000, -35978268.0000, 35979932.0000, 35978836.0000, 35980012.0000, 35979020.0000
235, 3798, -90715400.0000, -90715112.0000, -90715320.0000, -90714920.0000, 90717240.0000, 90715504.0000, 90717320.0000, 90715696.0000
244, 3825, 376.2998, 59.7537, 410.0585, 136.3603, 591.3370, 274.7898, 625.0958, 351.3964
245, 3825, 202.5935, -103.9795, 236.5981, -26.8152, 744.2835, 437.7075, 778.2881, 514.8718
246, 3825, -217.1210, -508.0948, -183.1557, -431.0199, 1150.9556, 859.9742, 1184.9209, 937.0490
251, 3847, 687.1118, 154.6575, 718.2874, 225.4024, 711.1769, 178.7227, 742.3524, 249.4676
252, 3847, 667.7069, 138.2243, 696.1831, 202.8437, 733.2653, 203.7831, 761.7415, 268.4025
255, 3853, 690.7477, 154.7048, 724.8055, 231.9895, 714.8127, 178.7699, 748.8704, 256.0547
256, 3853, 669.0969, 137.0403, 705.8785, 220.5059, 734.6552, 202.5991, 771.4368, 286.0646
249, 3843, 451.1731, 159.2805, 481.8545, 228.9038, 475.2384, 183.3455, 505.9198, 252.9688
250, 3843, 421.1565, 142.2344, 452.0492, 212.3376, 486.7156, 207.7927, 517.6084, 277.8959
251, 3843, 357.5500, 88.4937, 391.3193, 165.1241, 527.0088, 257.9502, 560.7781, 334.5806
252, 3843, 220.9588, -37.8873, 254.9682, 39.2880, 651.3266, 392.4748, 685.3361, 469.6501
256, 3843, -3951.0957, -4168.8364, -3903.6455, -4061.1624, 4728.4292, 4510.5732, 4775.8794, 4618.2471
257, 3843, -10524.2451, -10734.4453, -10472.4521, -10616.9141, 11282.5547, 11072.0645, 11334.3477, 11189.5957
258, 3843, -27102.9863, -27316.0684, -27046.2246, -27187.2598, 27863.5020, 27649.6895, 27920.2637, 27778.4980
259, 3843, -68908.8906, -69109.8125, -68872.7656, -69027.8438, 69686.3281, 69483.5703, 69722.4531, 69565.5391
243, 3831, 471.0242, 158.9120, 501.9249, 229.0331, 495.0894, 182.9772, 525.9900, 253.0983
244, 3831, 440.7580, 130.2659, 474.5304, 206.9033, 506.3167, 195.8247, 540.0891, 272.4621
248, 3831, -251.7371, -515.7222, -215.0213, -432.4059, 1122.5162, 858.5336, 1159.2321, 941.8499
249, 3831, -1302.9314, -1555.8805, -1265.9656, -1471.9969, 2151.3145, 1898.3713, 2188.2803, 1982.2549
250, 3831, -3945.8083, -4177.8867, -3908.8752, -4094.0771, 4762.1333, 4530.0708, 4799.0669, 4613.8804
251, 3831, -10589.9385, -10809.7373, -10546.6826, -10711.5811, 11367.5244, 11147.7666, 11410.7803, 11245.9229
252, 3831, -27309.3945, -27513.0020, -27261.6875, -27404.7402, 28055.0020, 27851.4941, 28102.7090, 27959.7559
253, 3831, -69447.9297, -69628.7188, -69396.1797, -69511.2812, 70146.9766, 69966.4375, 70198.7266, 70083.8750
254, 3831, -175654.2031, -175810.3750, -175602.2031, -175692.3750, 176317.8438, 176162.3125, 176369.8438, 176280.3125
255, 3831, -443418.7812, -443559.9062, -443356.7188, -443419.0938, 444032.2812, 443892.7188, 444094.3438, 444033.5312
256, 3831, -1118508.3750, -1118623.7500, -1118445.3750, -1118481.0000, 1119080.5000, 1118969.3750, 1119143.5000, 1119112.1250
257, 3831, -2820630.7500, -2820717.7500, -2820563.2500, -2820564.2500, 2821149.2500, 2821072.2500, 2821216.7500, 2821225.7500
258, 3831, -7112268.0000, -7112334.0000, -7112194.0000, -7112166.0000, 7112721.0000, 7112680.0000, 7112795.0000, 7112848.0000
259, 3831, -17933012.0000, -17933066.0000, -17932924.0000, -17932870.0000, 17933384.0000, 17933392.0000, 17933472.0000, 17933588.0000
260, 3831, -45215996.0000, -45216052.0000, -45215908.0000, -45215852.0000, 45216288.0000, 45216396.0000, 45216376.0000, 45216596.0000
261, 3831, -114006320.0000, -114006448.0000, -114006240.0000, -114006256.0000, 114006512.0000, 114006800.0000, 114006592.0000, 114006992.0000
262, 3831, -287451808.0000, -287452192.0000, -287451744.0000, -287452000.0000, 287451872.0000, 287452544.0000, 287451936.0000, 287452736.0000
260, 3858, 320.6404, 171.6587, 377.4141, 300.4913, 344.7057, 195.7238, 401.4793, 324.5564
261, 3858, 282.3142, 142.6290, 344.7664, 284.3469, 347.8731, 208.1876, 410.3253, 349.9055
262, 3858, 211.9061, 97.6374, 274.7448, 240.2319, 381.3642, 267.0947, 444.2029, 409.6891
263, 3858, 56.7025, -33.1875, 130.2097, 133.6164, 487.0686, 397.1766, 560.5759, 563.9805
264, 3858, -306.7745, -366.6289, -225.3942, -181.9589, 782.1826, 722.3229, 863.5628, 906.9929
259, 3857, 288.8286, 164.3728, 340.6314, 281.9258, 312.8938, 188.4380, 364.6966, 305.9910
260, 3857, 252.8679, 144.2433, 304.8827, 262.2779, 318.4268, 209.8021, 370.4416, 327.8367
261, 3857, 182.5349, 81.1164, 244.6034, 221.9645, 351.9930, 250.5743, 414.0614, 391.4223
262, 3857, 41.8870, -42.9512, 104.7795, 99.7660, 472.2531, 387.4143, 535.1456, 530.1315
263, 3857, -306.3299, -367.6168, -238.6391, -214.0113, 782.6270, 721.3387, 850.3178, 874.9442
264, 3857, -1164.7125, -1195.0037, -1096.6771, -1040.6165, 1582.9052, 1552.6104, 1650.9406, 1706.9976
265, 3857, -3281.6396, -3304.1646, -3189.0698, -3094.1021, 3647.5295, 3624.9951, 3740.0994, 3835.0576
266, 3857, -8591.1387, -8563.3584, -8496.6055, -8348.8389, 8880.8662, 8908.6230, 8975.3994, 9123.1426
258, 3856, 711.3728, 152.7180, 748.3229, 236.5652, 735.4381, 176.7831, 772.3882, 260.6304
259, 3856, 702.1440, 132.0985, 739.0515, 215.8491, 767.7031, 197.6573, 804.6105, 281.4078
260, 3856, 661.7209, 85.1636, 698.6102, 168.8729, 831.1796, 254.6212, 868.0688, 338.3305
261, 3856, 541.3566, -52.2665, 584.5961, 45.8534, 971.7241, 378.0984, 1014.9636, 476.2183
262, 3856, 224.8586, -388.6642, 272.5613, -280.4168, 1313.8192, 700.2899, 1361.5219, 808.5373
266, 3856, -10107.8174, -10783.0127, -10040.5068, -10630.2725, 11772.3662, 11097.0439, 11839.6768, 11249.7842
263, 3861, 348.6977, 175.0632, 392.9124, 275.3960, 372.7627, 199.1282, 416.9774, 299.4611
264, 3861, 315.7195, 145.8759, 367.1094, 262.4915, 381.2779, 211.4343, 432.6677, 328.0500
265, 3861, 255.2279, 99.2798, 307.2276, 217.2802, 424.6846, 268.7367, 476.6843, 386.7372
266, 3861, 110.3430, -40.2101, 172.4254, 100.6695, 540.7056, 390.1530, 602.7880, 531.0325
267, 3861, -236.7663, -353.7453, -173.8660, -211.0104, 852.1817, 735.2041, 915.0820, 877.9390
268, 3861, -1092.4130, -1183.5322, -1024.7191, -1029.9199, 1655.1824, 1564.0664, 1722.8762, 1717.6787
269, 3861, -3224.2637, -3287.5869, -3138.2612, -3092.4272, 3704.8489, 3641.5342, 3790.8513, 3836.6938
270, 3861, -8536.1338, -8559.2754, -8448.6885, -8360.8418, 8935.7275, 8912.6074, 9023.1729, 9111.0410
269, 3865, 926.1658, 127.6529, 1007.4113, 312.0171, 950.2311, 151.7181, 1031.4766, 336.0823
270, 3865, 943.4129, 110.1493, 1036.8394, 322.1566, 1008.9720, 175.7081, 1102.3984, 387.7153
271, 3865, 935.8394, 61.6072, 1030.1746, 275.6781, 1105.2980, 231.0651, 1199.6332, 445.1359
254, 3851, 711.2488, 154.5983, 745.0367, 231.2713, 735.3138, 178.6635, 769.1017, 255.3365
255, 3851, 695.7911, 134.2939, 729.8068, 211.4834, 761.3495, 199.8527, 795.3651, 277.0422
256, 3851, 645.6190, 80.3994, 682.3842, 163.8277, 815.0757, 249.8572, 851.8408, 333.2856
257, 3851, 520.2463, -48.8630, 560.1326, 41.6480, 950.6087, 381.5024, 990.4951, 472.0134
258, 3851, 204.1190, -371.5635, 238.5883, -293.3451, 1293.0668, 717.3918, 1327.5360, 795.6102
259, 3851, -611.2106, -1202.3496, -574.5980, -1119.2676, 2136.3838, 1545.2638, 2172.9966, 1628.3458
260, 3851, -2684.6248, -3296.2197, -2650.5271, -3218.8447, 4244.4858, 3632.9385, 4278.5835, 3710.3135
261, 3851, -7944.9819, -8574.5518, -7901.9487, -8476.8994, 9526.8750, 8897.4258, 9569.9082, 8995.0781
262, 3851, -21224.8379, -21873.8672, -21173.3340, -21756.9922, 22828.8535, 22180.1250, 22880.3574, 22297.0000
263, 3851, -54713.8008, -55379.0703, -54661.6836, -55260.8047, 56362.2070, 55697.7031, 56414.3242, 55815.9688
264, 3851, -139187.5000, -139882.8438, -139130.8125, -139754.1875, 140877.7500, 140184.3281, 140934.4375, 140312.9844
265, 3851, -352202.8750, -352919.7188, -352145.8750, -352790.2812, 353944.6250, 353232.6562, 354001.6250, 353362.0938
266, 3851, -889333.9375, -890086.6875, -889266.6875, -889933.9375, 891122.3750, 890382.0000, 891189.6250, 890534.7500
267, 3851, -2243665.7500, -2244458.7500, -2243597.7500, -2244304.2500, 2245515.5000, 2244753.5000, 2245583.5000, 2244908.0000
268, 3851, -5658472.5000, -5659334.0000, -5658391.5000, -5659150.0000, 5660393.5000, 5659611.0000, 5660474.5000, 5659795.0000
269, 3851, -14268489.0000, -14269459.0000, -14268407.0000, -14269273.0000, 14270508.0000, 14269737.0000, 14270590.0000, 14269923.0000
270, 3851, -35977560.0000, -35978720.0000, -35977480.0000, -35978536.0000, 35979680.0000, 35979020.0000, 35979760.0000, 35979204.0000
271, 3851, -90714128.0000, -90715736.0000, -90714032.0000, -90715528.0000, 90716368.0000, 90716024.0000, 90716464.0000, 90716232.0000
256, 3854, 435.7407, 171.3850, 464.0707, 235.6721, 451.2907, 186.9349, 479.6207, 251.2219
257, 3854, 418.1901, 162.8187, 446.5201, 227.1057, 459.0110, 203.6392, 487.3410, 267.9262
258, 3854, 378.1529, 133.3912, 408.8298, 203.0042, 482.5253, 237.7629, 513.2022, 307.3759
259, 3854, 296.7259, 54.3400, 327.6174, 124.4402, 560.9908, 318.6029, 591.8823, 388.7031
260, 3854, 92.0731, -150.7803, 125.8419, -74.1510, 760.8143, 517.9559, 794.5831, 594.5851
261, 3854, -422.0632, -660.3387, -388.0539, -583.1638, 1265.0276, 1026.7395, 1299.0369, 1103.9143
262, 3854, -1706.8143, -1948.2294, -1672.8473, -1871.1505, 2547.6453, 2306.1982, 2581.6125, 2383.2773
263, 3854, -4945.9429, -5187.1377, -4909.2134, -5103.7900, 5781.6040, 5540.3296, 5818.3335, 5623.6772
264, 3854, -13113.3740, -13351.1182, -13073.5010, -13260.6396, 13935.0557, 13697.1113, 13974.9287, 13787.5898
265, 3854, -33690.1914, -33926.5938, -33650.0898, -33835.5859, 34509.0430, 34272.1367, 34549.1445, 34363.1445
266, 3854, -85574.0078, -85800.0625, -85533.9609, -85709.2031, 86383.0234, 86155.6875, 86423.0703, 86246.5469
267, 3854, -216387.9688, -216611.1875, -216340.5938, -216503.6875, 217179.0625, 216952.6250, 217226.4375, 217060.1250
268, 3854, -546202.0625, -546411.8750, -546157.9375, -546311.7500, 546979.3125, 546761.3125, 547023.4375, 546861.4375
269, 3854, -1377774.7500, -1377974.1250, -1377727.2500, -1377866.1250, 1378535.0000, 1378315.1250, 1378582.5000, 1378423.1250
270, 3854, -3474459.0000, -3474630.2500, -3474411.0000, -3474521.7500, 3475205.0000, 3474982.2500, 3475253.0000, 3475090.7500
271, 3854, -8760957.0000, -8761080.0000, -8760905.0000, -8760962.0000, 8761685.0000, 8761433.0000, 8761737.0000, 8761551.0000
272, 3854, -22090136.0000, -22090150.0000, -22090084.0000, -22090034.0000, 22090848.0000, 22090508.0000, 22090900.0000, 22090624.0000
273, 3854, -55697868.0000, -55697624.0000, -55697804.0000, -55697480.0000, 55698536.0000, 55697956.0000, 55698600.0000, 55698100.0000
274, 3854, -140435200.0000, -140434288.0000, -140435136.0000, -140434160.0000, 140435840.0000, 140434656.0000, 140435904.0000, 140434784.0000
275, 3854, -354088928.0000, -354086432.0000, -354088864.0000, -354086304.0000, 354089568.0000, 354086784.0000, 354089632.0000, 354086912.0000
276, 3854, -892788160.0000, -892781504.0000, -892788032.0000, -892781376.0000, 892788672.0000, 892781888.0000, 892788800.0000, 892782016.0000
277, 3854, -2251045376.0000, -2251028480.0000, -2251045376.0000, -2251028480.0000, 2251045888.0000, 2251028992.0000, 2251045888.0000, 2251028992.0000
278, 3854, -5675708416.0000, -5675665920.0000, -5675708416.0000, -5675665920.0000, 5675708416.0000, 5675666432.0000, 5675708416.0000, 5675666432.0000
279, 3854, -14310535168.0000, -14310428672.0000, -14310535168.0000, -14310428672.0000, 14310535168.0000, 14310428672.0000, 14310535168.0000, 14310428672.0000
280, 3854, -36082089984.0000, -36081819648.0000, -36082089984.0000, -36081819648.0000, 36082089984.0000, 36081819648.0000, 36082089984.0000, 36081819648.0000
281, 3854, -90976133120.0000, -90975453184.0000, -90976133120.0000, -90975453184.0000, 90976133120.0000, 90975453184.0000, 90976133120.0000, 90975453184.0000
282, 3854, -229384060928.0000, -229382356992.0000, -229384060928.0000, -229382356992.0000, 229384060928.0000, 229382356992.0000, 229384060928.0000, 229382356992.0000
281, 3881, 412.9466, 163.7112, 443.8271, 233.7871, 437.0117, 187.7764, 467.8923, 257.8523
282, 3881, 384.5431, 144.3819, 418.2935, 220.9698, 450.1018, 209.9406, 483.8523, 286.5286
283, 3881, 330.8691, 97.5023, 364.8695, 174.6573, 500.3268, 266.9601, 534.3272, 344.1150
284, 3881, 192.7227, -32.0804, 229.4825, 51.3360, 623.0877, 398.2847, 659.8476, 481.7012
285, 3881, -145.7436, -364.6028, -105.8589, -274.0956, 943.2108, 724.3519, 983.0955, 814.8591
286, 3881, -981.7635, -1194.4602, -941.6539, -1103.4429, 1765.8477, 1553.1517, 1805.9573, 1644.1691
287, 3881, -3072.2944, -3289.1987, -3028.8208, -3190.5474, 3856.8582, 3639.9561, 3900.3318, 3738.6074
295, 3893, 132.9647, 156.3401, 201.1124, 310.9808, 157.0299, 180.4051, 225.1776, 335.0459
296, 3893, 48.2280, 128.1569, 134.2169, 323.2845, 113.7868, 193.7153, 199.7758, 388.8429
289, 3886, 343.6472, 169.3212, 395.4383, 286.8480, 359.1971, 184.8711, 410.9882, 302.3979
290, 3886, 318.2119, 155.5183, 374.9550, 284.2814, 359.0324, 196.3391, 415.7756, 325.1022
291, 3886, 269.8015, 130.8107, 326.8699, 260.3109, 374.1731, 235.1828, 431.2415, 364.6830
292, 3886, 165.6259, 43.6317, 227.9799, 185.1259, 429.8887, 307.8958, 492.2427, 449.3900
293, 3886, -63.8601, -157.3548, 3.8412, -3.7265, 604.8757, 511.3845, 672.5770, 665.0128
294, 3886, -606.9676, -667.8524, -526.0269, -484.1803, 1080.1095, 1019.2336, 1161.0502, 1202.9056
295, 3886, -1938.7906, -1950.9615, -1851.7972, -1753.5536, 2315.6345, 2303.4858, 2402.6277, 2500.8936
296, 3886, -5229.7598, -5186.6602, -5142.4922, -4988.6289, 5497.7002, 5540.8555, 5584.9678, 5738.8867
297, 3886, -13445.0283, -13347.2959, -13357.9717, -13149.7432, 13603.1826, 13701.0557, 13690.2393, 13898.6084
287, 3883, 642.4178, 128.1670, 682.4977, 219.1170, 719.8990, 205.6478, 759.9790, 296.5979
288, 3883, 588.9896, 74.0351, 629.0007, 164.8286, 785.1962, 270.2406, 825.2073, 361.0342
289, 3883, 445.2020, -74.4092, 485.1842, 16.3187, 940.8798, 421.2661, 980.8620, 511.9940
290, 3883, 75.9444, -457.2649, 119.3509, -358.7658, 1328.2202, 795.0048, 1371.6267, 893.5038
291, 3883, -869.2115, -1411.1007, -825.4949, -1311.8973, 2289.2644, 1747.3597, 2332.9812, 1846.5631
292, 3883, -3264.4250, -3818.8604, -3216.8303, -3710.8579, 4699.9897, 4145.5156, 4747.5845, 4253.5176
293, 3883, -9311.7607, -9880.1553, -9260.0869, -9762.8955, 10769.9717, 10201.4795, 10821.6455, 10318.7393
294, 3883, -24578.5742, -25149.3164, -24526.6094, -25031.3945, 26055.2012, 25484.2109, 26107.1660, 25602.1328
295, 3883, -63083.8477, -63665.8984, -63027.2305, -63537.4141, 64582.6836, 64000.0078, 64639.3008, 64128.4922
296, 3883, -160173.1250, -160777.1406, -160128.3750, -160675.6094, 161722.7031, 161117.1094, 161767.4531, 161218.6406
297, 3883, -405028.2188, -405650.2812, -404961.8438, -405499.5938, 406589.3125, 405963.2812, 406655.6875, 406113.9688
298, 3883, -1022388.7500, -1023028.0625, -1022314.6250, -1022859.9375, 1023995.9375, 1023346.6875, 1024070.0625, 1023514.8125
299, 3883, -2579008.5000, -2579652.0000, -2578954.5000, -2579529.5000, 2580675.2500, 2580006.7500, 2580729.2500, 2580129.2500
300, 3883, -6503863.5000, -6504521.5000, -6503790.5000, -6504356.5000, 6505584.0000, 6504863.5000, 6505657.0000, 6505028.5000
301, 3883, -16399896.0000, -16400547.0000, -16399802.0000, -16400335.0000, 16401675.0000, 16400866.0000, 16401769.0000, 16401078.0000
302, 3883, -41351424.0000, -41351992.0000, -41351344.0000, -41351800.0000, 41353320.0000, 41352360.0000, 41353400.0000, 41352552.0000
308, 3903, 827.7465, 167.2598, 855.7910, 230.8990, 843.2964, 182.8097, 871.3408, 246.4489
300, 3899, 456.6263, 149.8888, 490.4326, 226.6030, 480.6917, 173.9538, 514.4979, 250.6680
301, 3899, 430.2137, 137.3811, 461.3723, 208.0875, 495.7728, 202.9395, 526.9314, 273.6459
302, 3899, 372.6580, 81.1633, 409.1880, 164.0582, 542.1167, 250.6202, 578.6466, 333.5151
303, 3899, 232.7255, -44.7943, 269.7444, 39.2098, 663.0931, 385.5686, 700.1121, 469.5727
304, 3899, -108.8724, -381.2580, -65.5571, -282.9656, 980.0884, 707.6910, 1023.4037, 805.9835
305, 3899, -951.7924, -1206.6084, -907.9649, -1107.1533, 1795.8353, 1540.9893, 1839.6627, 1640.4443
306, 3899, -3050.3147, -3296.2197, -3006.5745, -3196.9624, 3878.8796, 3632.8989, 3922.6199, 3732.1562
307, 3899, -8349.9395, -8577.6025, -8293.7891, -8450.1846, 9122.1279, 8894.2744, 9178.2783, 9021.6924
308, 3899, -21670.7754, -21872.0117, -21608.2168, -21730.0508, 22383.4473, 22181.7324, 22446.0059, 22323.6934
309, 3899, -55214.8516, -55387.9375, -55134.1016, -55204.6953, 55862.4922, 55688.2031, 55943.2422, 55871.4453
310, 3899, -139736.0938, -139880.2344, -139653.9688, -139693.8906, 140332.5312, 140185.3438, 140414.6562, 140371.6875
311, 3899, -352834.7500, -352913.6562, -352747.8750, -352716.4688, 353321.2500, 353234.7188, 353408.1250, 353431.9062
312, 3899, -890063.2500, -890080.0625, -889969.5000, -889867.4375, 890414.5000, 890378.4375, 890508.2500, 890591.0625
311, 3915, 873.7275, 154.9079, 907.7608, 232.1367, 897.7929, 178.9730, 931.8262, 256.2019
312, 3915, 864.0654, 139.2103, 898.0225, 216.2661, 929.6249, 204.7691, 963.5819, 281.8248
313, 3915, 830.8518, 81.5688, 867.5756, 164.9029, 1000.3113, 251.0266, 1037.0350, 334.3606
314, 3915, 714.3441, -45.1532, 751.3129, 38.7366, 1144.7136, 385.2120, 1181.6824, 469.1018
315, 3915, 405.8228, -381.6500, 449.1064, -283.4301, 1494.7886, 707.3047, 1538.0720, 805.5247
316, 3915, -405.2186, -1193.6971, -367.6640, -1108.4777, 2342.4211, 1553.9152, 2379.9758, 1639.1346
317, 3915, -2473.9780, -3288.3257, -2430.8022, -3190.3491, 4455.2471, 3640.8303, 4498.4229, 3738.8069
318, 3915, -7717.8545, -8564.8984, -7670.2129, -8456.7891, 9754.2910, 8907.0723, 9801.9336, 9015.1816
319, 3915, -20972.8887, -21858.0391, -20921.1660, -21740.6641, 23081.5312, 22195.9395, 23133.2539, 22313.3145
320, 3915, -54441.7500, -55371.5352, -54385.0312, -55242.8242, 56636.0938, 55705.1953, 56692.8125, 55833.9062
325, 3940, 766.1553, 103.2573, 805.4725, 192.4767, 790.2200, 127.3223, 829.5373, 216.5418
321, 3935, 435.8490, 158.9176, 472.6287, 242.3789, 459.9142, 182.9827, 496.6939, 266.4440
322, 3935, 408.1729, 143.1917, 445.1643, 227.1330, 473.7318, 208.7505, 510.7232, 292.6918
323, 3935, 355.0429, 92.5890, 391.9854, 176.4193, 524.5010, 262.0467, 561.4435, 345.8770
324, 3935, 221.7752, -32.4362, 255.8955, 44.9899, 652.1413, 397.9288, 686.2615, 475.3550
325, 3935, -114.0873, -361.4070, -77.4558, -278.2822, 974.8696, 727.5475, 1011.5012, 810.6722
326, 3935, -952.4235, -1197.9038, -909.1583, -1099.7251, 1795.1940, 1549.7076, 1838.4594, 1647.8864
327, 3935, -3053.4192, -3275.8508, -3012.9968, -3184.1238, 3875.7498, 3653.3027, 3916.1721, 3745.0298
328, 3935, -8332.2158, -8544.3184, -8292.2217, -8453.5645, 9139.7881, 8927.6465, 9179.7822, 9018.4004
315, 3924, 492.9896, 167.3850, 521.3196, 231.6721, 508.5393, 182.9349, 536.8693, 247.2219
316, 3924, 479.4503, 154.6716, 507.7803, 218.9586, 520.2706, 195.4922, 548.6006, 259.7792
317, 3924, 444.9550, 119.2197, 475.6318, 188.8328, 549.3259, 223.5914, 580.0027, 293.2044
318, 3924, 360.4885, 38.7489, 391.3800, 108.8491, 624.7496, 303.0118, 655.6411, 373.1120
319, 3924, 146.3360, -162.2658, 180.1048, -85.6365, 815.0675, 506.4704, 848.8363, 583.0997
320, 3924, -361.3986, -666.3566, -327.3893, -589.1817, 1325.6680, 1020.7215, 1359.6772, 1097.8965
321, 3924, -1641.2278, -1939.8173, -1612.4590, -1874.5343, 2613.1704, 2314.6106, 2641.9395, 2379.8933
322, 3924, -4880.1592, -5178.1504, -4851.9795, -5114.2051, 5847.2334, 5549.3164, 5875.4131, 5613.2617
323, 3924, -13053.2383, -13346.6104, -13016.8984, -13264.1475, 13994.8027, 13701.6182, 14031.1426, 13784.0811
324, 3924, -33635.0039, -33922.4336, -33597.9336, -33838.3164, 34563.2539, 34276.2969, 34600.3242, 34360.4141
325, 3924, -85514.3359, -85795.9609, -85477.3359, -85711.9766, 86440.2344, 86159.7891, 86477.2344, 86243.7734
326, 3924, -216326.4531, -216597.4062, -216286.6094, -216507.0000, 217234.3594, 216966.3906, 217274.2031, 217056.7969
327, 3924, -546135.6875, -546401.0000, -546095.5625, -546310.1250, 547030.0000, 546772.1250, 547070.1250, 546863.0000
328, 3924, -1377689.2500, -1377958.8750, -1377649.2500, -1377868.1250, 1378581.1250, 1378330.1250, 1378621.1250, 1378420.8750
329, 3924, -3474359.0000, -3474629.0000, -3474308.0000, -3474513.0000, 3475205.7500, 3474983.0000, 3475256.7500, 3475099.0000
330, 3924, -8760778.0000, -8761079.0000, -8760726.0000, -8760961.0000, 8761615.0000, 8761433.0000, 8761667.0000, 8761551.0000
331, 3924, -22089772.0000, -22090144.0000, -22089720.0000, -22090028.0000, 22090582.0000, 22090514.0000, 22090634.0000, 22090630.0000
332, 3924, -55697032.0000, -55697620.0000, -55696968.0000, -55697468.0000, 55697784.0000, 55697960.0000, 55697848.0000, 55698112.0000
333, 3924, -140433152.0000, -140434288.0000, -140433088.0000, -140434160.0000, 140433872.0000, 140434672.0000, 140433936.0000, 140434800.0000
334, 3924, -354083872.0000, -354086496.0000, -354083808.0000, -354086304.0000, 354084512.0000, 354086816.0000, 354084576.0000, 354087008.0000
335, 3924, -892775360.0000, -892781632.0000, -892775232.0000, -892781504.0000, 892775872.0000, 892782016.0000, 892776000.0000, 892782144.0000
336, 3924, -2251013120.0000, -2251028992.0000, -2251013120.0000, -2251028992.0000, 2251013888.0000, 2251029504.0000, 2251013888.0000, 2251029504.0000
337, 3924, -5675627520.0000, -5675666944.0000, -5675627520.0000, -5675666944.0000, 5675627520.0000, 5675667456.0000, 5675627520.0000, 5675667456.0000
338, 3924, -14310330368.0000, -14310430720.0000, -14310330368.0000, -14310430720.0000, 14310330368.0000, 14310430720.0000, 14310330368.0000, 14310430720.0000
331, 3946, 656.0081, 52.6648, 692.7053, 135.9390, 871.0452, 267.7009, 907.7424, 350.9751
332, 3946, 499.4710, -110.7884, 536.4104, -26.9648, 1041.1606, 430.8986, 1078.1001, 514.7222
333, 3946, 96.5834, -521.9554, 130.7210, -444.4896, 1464.6591, 846.1134, 1498.7968, 923.5792
334, 3946, -933.1968, -1565.3210, -896.5568, -1482.1770, 2517.4998, 1885.3580, 2554.1399, 1968.5021
335, 3946, -3556.1528, -4198.6392, -3505.1255, -4082.8462, 5145.3242, 4502.7939, 5196.3516, 4618.5869
336, 3946, -10161.3701, -10817.0840, -10109.1982, -10698.6934, 11778.9473, 11123.1230, 11831.1191, 11241.5137
337, 3946, -26832.2676, -27510.1074, -26783.9746, -27400.5215, 28487.7871, 27809.6719, 28536.0801, 27919.2578
331, 3950, 348.2343, 177.2667, 396.6256, 287.0770, 372.2997, 201.3317, 420.6910, 311.1420
332, 3950, 307.9241, 165.3995, 359.5615, 282.5769, 373.4834, 230.9579, 425.1208, 348.1353
333, 3950, 239.2433, 116.1634, 291.1445, 233.9403, 408.7025, 285.6202, 460.6037, 403.3971
334, 3950, 93.5157, -7.5488, 145.3631, 110.1066, 523.8844, 422.8141, 575.7318, 540.4694
335, 3950, -265.3339, -341.0908, -203.3424, -200.4171, 823.6297, 747.8582, 885.6212, 888.5319
336, 3950, -1124.3894, -1164.9348, -1056.6057, -1011.1175, 1623.2451, 1582.6626, 1691.0288, 1736.4800
337, 3950, -3244.2708, -3242.9287, -3181.0330, -3099.4282, 3684.9412, 3686.1892, 3748.1790, 3829.6897
338, 3950, -8558.1631, -8514.7334, -8490.6377, -8361.5049, 8913.9482, 8957.1436, 8981.4736, 9110.3721
339, 3950, -21892.8555, -21795.1680, -21829.8359, -21652.1602, 22161.4766, 22258.5742, 22224.4961, 22401.5820
340, 3950, -55464.7461, -55307.2578, -55397.3086, -55154.2266, 55612.8789, 55768.8750, 55680.3164, 55921.9062
336, 3960, 901.7783, 169.3315, 932.4597, 238.9547, 925.8436, 193.3966, 956.5250, 263.0199
337, 3960, 889.1809, 145.3503, 922.9751, 222.0371, 954.7400, 210.9091, 988.5342, 287.5959
338, 3960, 853.5190, 91.9689, 890.3436, 175.5321, 1022.9777, 261.4268, 1059.8022, 344.9899
339, 3960, 735.9161, -38.2077, 772.9451, 45.8189, 1166.2838, 392.1577, 1203.3126, 476.1843
340, 3960, 425.7414, -369.9583, 469.0461, -271.6902, 1514.7023, 718.9970, 1558.0070, 817.2652
337, 3964, 946.3145, 161.1851, 980.3904, 238.5108, 970.3799, 185.2502, 1004.4558, 262.5758
338, 3964, 940.8626, 140.4672, 974.8707, 217.6389, 1006.4219, 206.0256, 1040.4299, 283.1974
339, 3964, 900.2242, 86.3882, 936.9698, 169.7717, 1069.6833, 255.8450, 1106.4290, 339.2285
340, 3964, 785.9324, -44.1392, 822.9094, 39.7693, 1216.3010, 386.2237, 1253.2781, 470.1322
