1,3460,45.00,184.00,62.22,141.19,1,-1,-1,-1
2,3462,252.00,176.00,56.88,129.07,1,-1,-1,-1
2,3461,217.00,219.00,28.33,64.28,1,-1,-1,-1
2,3460,45.00,193.00,62.22,141.19,1,-1,-1,-1
3,3462,246.00,164.01,62.21,141.18,1,-1,-1,-1
3,3461,219.00,225.00,26.00,59.01,1,-1,-1,-1
3,3460,36.50,193.50,62.22,141.19,1,-1,-1,-1
4,3460,28.85,179.49,67.72,153.66,1,-1,-1,-1
5,3462,251.81,175.62,57.02,129.39,1,-1,-1,-1
5,3461,218.88,225.50,26.08,59.18,1,-1,-1,-1
5,3460,19.90,178.75,68.21,154.78,1,-1,-1,-1
6,3462,252.09,182.86,56.80,128.90,1,-1,-1,-1
6,3461,215.72,224.77,25.96,58.91,1,-1,-1,-1
6,3460,16.98,183.99,62.50,141.82,1,-1,-1,-1
7,3464,300.12,198.65,48.14,109.25,1,-1,-1,-1
7,3462,251.97,184.31,56.91,129.15,1,-1,-1,-1
7,3461,216.30,223.10,28.21,64.02,1,-1,-1,-1
7,3460,9.28,187.38,67.58,153.35,1,-1,-1,-1
8,3464,294.72,194.30,51.64,117.19,1,-1,-1,-1
8,3462,252.01,183.93,56.86,129.03,1,-1,-1,-1
8,3461,213.05,222.94,28.38,64.41,1,-1,-1,-1
8,3460,-1.78,175.29,74.13,168.22,1,-1,-1,-1
9,3462,260.49,192.05,52.32,118.72,1,-1,-1,-1
9,3461,211.06,224.98,26.12,59.26,1,-1,-1,-1
10,3462,261.28,178.67,56.45,128.11,1,-1,-1,-1
10,3461,208.39,223.07,28.14,63.85,1,-1,-1,-1
11,3462,261.97,183.25,52.53,119.21,1,-1,-1,-1
11,3461,206.91,219.31,30.78,69.86,1,-1,-1,-1
12,3462,268.65,192.15,51.74,117.41,1,-1,-1,-1
12,3461,203.73,223.02,30.88,70.07,1,-1,-1,-1
13,3461,200.20,218.13,33.38,75.74,1,-1,-1,-1
14,3461,199.51,230.74,26.62,60.41,1,-1,-1,-1
15,3461,202.24,233.73,25.69,58.30,1,-1,-1,-1
16,3461,199.73,227.50,28.33,64.29,1,-1,-1,-1
17,3468,308.05,203.82,44.11,100.08,1,-1,-1,-1
17,3461,198.96,235.40,26.14,59.33,1,-1,-1,-1
18,3461,195.74,237.43,25.93,58.84,1,-1,-1,-1
19,3461,190.56,232.45,28.22,64.05,1,-1,-1,-1
20,3473,373.92,213.94,28.57,64.82,1,-1,-1,-1
20,3461,185.43,223.75,33.30,75.56,1,-1,-1,-1
21,3461,185.97,230.79,28.81,65.37,1,-1,-1,-1
22,3461,184.26,225.49,30.48,69.17,1,-1,-1,-1
23,3475,383.00,33.00,26.00,59.00,1,-1,-1,-1
23,3461,179.78,227.65,31.02,70.40,1,-1,-1,-1
24,3475,382.04,27.71,28.19,63.97,1,-1,-1,-1
24,3461,174.56,219.14,33.31,75.59,1,-1,-1,-1
25,3480,269.85,185.52,51.83,117.61,1,-1,-1,-1
25,3479,310.00,192.24,52.00,118.00,1,-1,-1,-1
25,3475,382.93,32.00,26.22,59.49,1,-1,-1,-1
25,3461,169.54,214.34,36.69,83.25,1,-1,-1,-1
26,3481,12.73,148.69,93.60,212.40,1,-1,-1,-1
26,3480,270.07,184.74,52.09,118.20,1,-1,-1,-1
26,3479,310.00,193.36,52.00,118.00,1,-1,-1,-1
26,3461,163.93,215.14,36.81,83.53,1,-1,-1,-1
27,3481,-2.85,130.86,103.90,235.77,1,-1,-1,-1
27,3480,262.28,177.02,56.56,128.34,1,-1,-1,-1
27,3461,157.85,214.98,36.75,83.39,1,-1,-1,-1
28,3480,260.64,175.66,57.03,129.42,1,-1,-1,-1
28,3461,152.68,219.93,36.78,83.46,1,-1,-1,-1
29,3461,151.83,221.26,36.76,83.43,1,-1,-1,-1
30,3479,316.58,185.08,52.00,118.00,1,-1,-1,-1
30,3461,147.11,220.93,36.77,83.44,1,-1,-1,-1
31,3479,313.95,176.91,56.60,128.43,1,-1,-1,-1
31,3461,134.91,195.82,51.21,116.21,1,-1,-1,-1
32,3479,317.12,183.72,52.46,119.04,1,-1,-1,-1
32,3461,133.68,192.10,52.38,118.87,1,-1,-1,-1
33,3479,318.27,185.44,51.78,117.49,1,-1,-1,-1
33,3461,135.79,223.19,37.60,85.33,1,-1,-1,-1
34,3487,268.59,184.41,56.51,128.23,1,-1,-1,-1
34,3479,313.51,183.35,56.70,128.66,1,-1,-1,-1
34,3461,134.91,228.17,36.35,82.50,1,-1,-1,-1
35,3487,263.17,183.79,57.07,129.50,1,-1,-1,-1
35,3461,122.23,217.43,43.63,99.01,1,-1,-1,-1
36,3461,113.68,222.59,43.96,99.76,1,-1,-1,-1
37,3461,109.88,210.91,51.50,116.87,1,-1,-1,-1
38,3490,59.53,209.24,28.33,64.28,1,-1,-1,-1
38,3461,103.39,208.40,52.24,118.55,1,-1,-1,-1
39,3491,316.22,241.87,30.07,68.23,1,-1,-1,-1
39,3490,56.76,205.88,30.70,69.67,1,-1,-1,-1
39,3461,95.11,209.21,51.88,117.73,1,-1,-1,-1
40,3491,316.90,248.77,28.43,64.52,1,-1,-1,-1
40,3490,51.65,204.71,30.92,70.16,1,-1,-1,-1
40,3461,93.71,208.91,52.06,118.13,1,-1,-1,-1
41,3492,260.15,185.52,56.88,129.07,1,-1,-1,-1
41,3490,45.75,202.25,33.36,75.70,1,-1,-1,-1
41,3461,86.39,202.62,56.57,128.37,1,-1,-1,-1
42,3492,261.41,183.27,56.88,129.07,1,-1,-1,-1
42,3490,45.77,204.70,31.12,70.61,1,-1,-1,-1
42,3461,84.62,201.77,57.03,129.41,1,-1,-1,-1
43,3492,260.88,184.21,56.88,129.07,1,-1,-1,-1
43,3490,41.98,205.15,30.71,69.70,1,-1,-1,-1
43,3461,78.54,202.10,56.80,128.90,1,-1,-1,-1
44,3492,261.03,183.95,56.88,129.07,1,-1,-1,-1
44,3490,39.76,197.99,33.45,75.91,1,-1,-1,-1
44,3461,65.61,193.83,61.94,140.57,1,-1,-1,-1
45,3492,260.99,177.44,56.88,129.07,1,-1,-1,-1
45,3490,35.94,196.73,33.60,76.24,1,-1,-1,-1
45,3461,63.57,200.94,62.35,141.50,1,-1,-1,-1
46,3492,261.00,175.65,56.88,129.07,1,-1,-1,-1
46,3490,30.67,197.08,33.52,76.08,1,-1,-1,-1
46,3461,60.32,210.82,57.14,129.67,1,-1,-1,-1
47,3496,320.74,245.17,28.40,64.45,1,-1,-1,-1
47,3492,261.00,176.09,56.88,129.07,1,-1,-1,-1
47,3461,46.88,203.80,61.79,140.22,1,-1,-1,-1
48,3492,261.00,175.98,56.88,129.07,1,-1,-1,-1
48,3461,24.50,176.40,79.21,179.74,1,-1,-1,-1
49,3492,256.57,173.63,61.91,140.49,1,-1,-1,-1
49,3461,18.65,204.25,69.27,157.18,1,-1,-1,-1
50,3492,255.82,174.00,62.37,141.53,1,-1,-1,-1
58,3499,276.30,183.75,56.06,127.21,1,-1,-1,-1
59,3499,272.14,184.09,57.29,130.01,1,-1,-1,-1
60,3499,273.22,175.09,61.72,140.06,1,-1,-1,-1
61,3499,275.39,173.59,62.46,141.74,1,-1,-1,-1
62,3499,274.94,174.17,62.10,140.92,1,-1,-1,-1
64,3502,243.38,217.00,26.00,59.00,1,-1,-1,-1
65,3502,242.82,213.67,26.00,59.00,1,-1,-1,-1
66,3502,243.05,212.81,26.00,59.00,1,-1,-1,-1
73,3505,318.20,202.64,51.71,117.34,1,-1,-1,-1
74,3506,284.04,175.09,61.89,140.44,1,-1,-1,-1
74,3505,324.54,200.36,52.14,118.33,1,-1,-1,-1
75,3506,283.95,173.63,62.38,141.56,1,-1,-1,-1
75,3505,322.83,193.96,56.53,128.28,1,-1,-1,-1
76,3506,284.03,174.14,62.14,141.01,1,-1,-1,-1
76,3505,321.75,192.67,57.05,129.45,1,-1,-1,-1
77,3505,332.23,200.35,52.22,118.49,1,-1,-1,-1
83,3513,324.51,192.50,27.95,63.41,1,-1,-1,-1
83,3511,230.09,221.38,26.00,59.00,1,-1,-1,-1
84,3511,228.10,224.15,26.00,59.00,1,-1,-1,-1
85,3511,224.90,219.99,28.19,63.97,1,-1,-1,-1
86,3511,225.01,222.00,28.39,64.43,1,-1,-1,-1
87,3516,173.69,222.40,28.48,64.63,1,-1,-1,-1
87,3514,294.02,183.62,62.05,140.81,1,-1,-1,-1
87,3511,222.39,219.63,30.67,69.60,1,-1,-1,-1
88,3514,293.99,175.84,62.31,141.39,1,-1,-1,-1
88,3511,222.97,227.62,26.42,59.95,1,-1,-1,-1
89,3514,294.01,173.49,62.18,141.09,1,-1,-1,-1
90,3514,293.99,174.12,62.24,141.24,1,-1,-1,-1
91,3514,295.96,182.90,57.20,129.81,1,-1,-1,-1
92,3514,296.05,184.36,56.72,128.71,1,-1,-1,-1
96,3514,301.35,163.20,62.40,141.60,1,-1,-1,-1
97,3520,154.34,203.24,33.26,75.48,1,-1,-1,-1
97,3514,303.44,164.25,62.13,140.98,1,-1,-1,-1
98,3521,364.61,184.68,51.97,117.94,1,-1,-1,-1
98,3520,148.88,201.50,33.69,76.45,1,-1,-1,-1
98,3514,302.88,163.91,62.26,141.29,1,-1,-1,-1
99,3521,366.59,192.19,48.16,109.29,1,-1,-1,-1
99,3514,304.99,167.20,57.19,129.78,1,-1,-1,-1
100,3522,200.54,201.82,33.59,76.23,1,-1,-1,-1
100,3521,365.64,192.71,51.64,117.18,1,-1,-1,-1
100,3514,303.07,163.83,61.77,140.17,1,-1,-1,-1
101,3522,197.14,198.34,36.56,82.97,1,-1,-1,-1
101,3521,366.05,192.97,52.18,118.40,1,-1,-1,-1
101,3514,302.93,163.92,62.44,141.69,1,-1,-1,-1
102,3522,192.00,193.74,36.87,83.66,1,-1,-1,-1
102,3521,366.01,193.06,51.91,117.80,1,-1,-1,-1
102,3520,138.32,196.58,33.93,76.99,1,-1,-1,-1
102,3514,303.04,164.08,62.11,140.95,1,-1,-1,-1
103,3522,190.76,196.95,36.72,83.32,1,-1,-1,-1
103,3521,365.99,192.96,52.04,118.10,1,-1,-1,-1
104,3523,273.09,214.02,28.65,65.02,1,-1,-1,-1
104,3521,359.43,193.02,51.98,117.95,1,-1,-1,-1
106,3520,113.82,198.07,36.66,83.18,1,-1,-1,-1
107,3520,111.53,197.95,36.82,83.56,1,-1,-1,-1
108,3523,260.39,214.97,30.53,69.29,1,-1,-1,-1
108,3521,349.59,193.00,52.00,118.01,1,-1,-1,-1
108,3520,104.53,197.59,39.79,90.29,1,-1,-1,-1
108,3514,296.37,177.02,56.28,127.72,1,-1,-1,-1
109,3523,248.19,211.67,33.53,76.10,1,-1,-1,-1
109,3521,343.52,193.00,52.00,118.00,1,-1,-1,-1
109,3520,92.74,198.04,40.10,91.00,1,-1,-1,-1
109,3514,295.83,175.58,57.17,129.74,1,-1,-1,-1
110,3523,246.91,209.99,36.59,83.03,1,-1,-1,-1
110,3521,339.69,184.94,56.60,128.43,1,-1,-1,-1
110,3520,85.66,198.02,39.95,90.65,1,-1,-1,-1
110,3514,296.08,176.19,56.73,128.74,1,-1,-1,-1
111,3521,343.82,192.21,48.64,110.38,1,-1,-1,-1
111,3520,84.83,202.91,40.02,90.82,1,-1,-1,-1
111,3514,295.96,175.91,56.95,129.23,1,-1,-1,-1
112,3520,79.29,204.27,39.99,90.74,1,-1,-1,-1
112,3514,296.02,176.04,56.84,128.99,1,-1,-1,-1
113,3520,72.52,197.65,43.64,99.02,1,-1,-1,-1
113,3514,295.99,175.98,56.89,129.11,1,-1,-1,-1
114,3520,66.92,196.78,43.96,99.75,1,-1,-1,-1
114,3514,294.04,165.42,61.90,140.47,1,-1,-1,-1
115,3521,340.03,184.27,56.84,128.99,1,-1,-1,-1
115,3520,62.00,186.08,51.50,116.87,1,-1,-1,-1
115,3514,293.95,163.57,62.37,141.54,1,-1,-1,-1
116,3521,341.91,185.38,52.33,118.74,1,-1,-1,-1
116,3520,58.06,191.69,48.41,109.86,1,-1,-1,-1
116,3514,295.99,181.29,57.13,129.65,1,-1,-1,-1
117,3521,340.12,183.50,56.45,128.10,1,-1,-1,-1
117,3520,47.51,186.31,51.53,116.92,1,-1,-1,-1
117,3514,296.03,178.16,56.75,128.79,1,-1,-1,-1
118,3521,339.92,184.01,57.09,129.54,1,-1,-1,-1
118,3520,39.00,184.55,52.23,118.52,1,-1,-1,-1
118,3514,294.01,164.85,61.97,140.62,1,-1,-1,-1
119,3527,236.11,215.37,36.48,82.78,1,-1,-1,-1
119,3521,341.97,192.10,52.20,118.44,1,-1,-1,-1
119,3520,37.78,191.75,51.89,117.74,1,-1,-1,-1
119,3514,291.16,158.01,67.82,153.89,1,-1,-1,-1
120,3527,232.46,215.23,39.94,90.64,1,-1,-1,-1
120,3521,332.69,185.20,56.51,128.23,1,-1,-1,-1
120,3520,24.89,193.27,52.06,118.12,1,-1,-1,-1
120,3514,288.27,174.13,57.74,131.03,1,-1,-1,-1
121,3528,85.53,195.31,56.07,127.24,1,-1,-1,-1
121,3527,231.24,215.77,37.00,83.96,1,-1,-1,-1
121,3520,8.68,192.28,56.57,128.37,1,-1,-1,-1
121,3514,286.80,176.70,56.45,128.10,1,-1,-1,-1
122,3527,216.80,215.25,39.71,90.11,1,-1,-1,-1
122,3514,276.82,173.36,62.10,140.92,1,-1,-1,-1
123,3527,208.35,216.10,40.14,91.09,1,-1,-1,-1
123,3514,266.32,174.12,62.28,141.32,1,-1,-1,-1
124,3527,199.08,220.55,36.90,83.73,1,-1,-1,-1
124,3514,257.29,173.99,62.19,141.13,1,-1,-1,-1
125,3527,193.60,211.11,43.41,98.50,1,-1,-1,-1
125,3514,255.68,174.00,62.23,141.22,1,-1,-1,-1
126,3527,183.95,207.43,47.86,108.60,1,-1,-1,-1
126,3514,256.08,174.00,62.21,141.18,1,-1,-1,-1
127,3527,174.70,195.24,51.78,117.49,1,-1,-1,-1
127,3514,255.98,174.00,62.22,141.20,1,-1,-1,-1
128,3527,173.80,198.97,52.11,118.25,1,-1,-1,-1
128,3514,256.01,174.00,62.22,141.19,1,-1,-1,-1
129,3527,161.93,186.12,61.61,139.80,1,-1,-1,-1
129,3514,256.00,174.00,62.22,141.19,1,-1,-1,-1
130,3527,155.01,178.44,67.98,154.26,1,-1,-1,-1
130,3514,249.90,160.06,67.70,153.64,1,-1,-1,-1
131,3527,154.99,179.12,68.07,154.47,1,-1,-1,-1
131,3514,248.74,157.41,68.21,154.77,1,-1,-1,-1
132,3527,155.01,178.98,68.03,154.37,1,-1,-1,-1
132,3514,246.96,163.89,62.50,141.82,1,-1,-1,-1
133,3514,245.80,172.32,62.08,140.88,1,-1,-1,-1
134,3514,254.25,174.37,62.29,141.34,1,-1,-1,-1
135,3514,250.33,159.98,67.67,153.57,1,-1,-1,-1
136,3514,246.49,171.31,62.78,142.46,1,-1,-1,-1
137,3531,203.00,212.47,26.00,59.00,1,-1,-1,-1
137,3514,245.95,166.60,61.94,140.57,1,-1,-1,-1
138,3531,203.00,213.25,26.00,59.00,1,-1,-1,-1
139,3531,199.70,212.93,26.00,59.00,1,-1,-1,-1
140,3531,198.82,213.02,26.00,59.00,1,-1,-1,-1
141,3531,195.76,213.00,26.00,59.00,1,-1,-1,-1
141,3514,236.72,150.26,74.13,168.21,1,-1,-1,-1
142,3531,194.68,210.22,28.19,63.97,1,-1,-1,-1
142,3514,245.12,171.15,63.10,143.19,1,-1,-1,-1
143,3533,296.00,184.00,56.88,129.07,1,-1,-1,-1
143,3531,190.95,209.91,28.39,64.43,1,-1,-1,-1
143,3514,240.20,160.97,67.30,152.72,1,-1,-1,-1
144,3533,296.00,184.00,56.88,129.07,1,-1,-1,-1
144,3531,190.73,212.81,26.11,59.25,1,-1,-1,-1
144,3514,236.61,149.68,74.25,168.50,1,-1,-1,-1
145,3533,296.00,191.42,56.88,129.07,1,-1,-1,-1
145,3531,188.31,205.82,30.53,69.28,1,-1,-1,-1
146,3533,296.00,193.40,56.88,129.07,1,-1,-1,-1
146,3531,187.89,204.71,31.00,70.35,1,-1,-1,-1
147,3533,296.00,192.90,56.88,129.07,1,-1,-1,-1
147,3531,189.84,209.56,28.40,64.45,1,-1,-1,-1
148,3533,300.82,214.37,44.75,101.54,1,-1,-1,-1
148,3531,185.62,206.93,33.22,75.40,1,-1,-1,-1
149,3533,294.18,188.00,60.95,138.32,1,-1,-1,-1
150,3537,246.60,172.36,62.57,141.99,1,-1,-1,-1
150,3533,300.90,197.83,53.39,121.16,1,-1,-1,-1
151,3537,247.90,160.73,67.54,153.26,1,-1,-1,-1
151,3533,297.19,194.87,55.96,126.99,1,-1,-1,-1
152,3537,249.27,157.10,68.29,154.96,1,-1,-1,-1
152,3531,186.37,202.96,33.49,76.00,1,-1,-1,-1
153,3538,153.94,200.76,33.63,76.32,1,-1,-1,-1
153,3537,248.96,158.29,67.92,154.13,1,-1,-1,-1
153,3531,180.34,198.02,36.61,83.07,1,-1,-1,-1
154,3538,147.00,193.44,39.61,89.87,1,-1,-1,-1
154,3537,246.86,171.80,62.65,142.17,1,-1,-1,-1
154,3531,179.90,197.95,36.85,83.61,1,-1,-1,-1
155,3539,309.23,243.29,33.86,76.83,1,-1,-1,-1
155,3538,147.66,204.62,34.20,77.60,1,-1,-1,-1
155,3537,251.09,183.60,56.98,129.31,1,-1,-1,-1
155,3531,184.14,202.96,36.73,83.35,1,-1,-1,-1
156,3537,246.98,175.18,61.86,140.38,1,-1,-1,-1
156,3531,181.09,204.24,36.79,83.48,1,-1,-1,-1
157,3537,245.72,173.61,62.39,141.58,1,-1,-1,-1
157,3531,184.03,210.94,33.74,76.57,1,-1,-1,-1
158,3537,246.09,174.14,62.13,141.00,1,-1,-1,-1
158,3531,180.95,205.29,36.50,82.82,1,-1,-1,-1
159,3537,248.08,168.22,67.74,153.72,1,-1,-1,-1
160,3537,249.19,167.86,68.19,154.73,1,-1,-1,-1
164,3537,246.04,173.96,62.26,141.28,1,-1,-1,-1
165,3537,248.11,168.29,67.69,153.60,1,-1,-1,-1
166,3537,249.18,167.83,68.21,154.79,1,-1,-1,-1
167,3537,255.07,173.79,62.49,141.81,1,-1,-1,-1
168,3537,250.15,168.39,67.58,153.36,1,-1,-1,-1
169,3543,93.82,176.47,56.60,128.45,1,-1,-1,-1
169,3537,248.66,167.78,68.26,154.91,1,-1,-1,-1
170,3543,86.58,168.26,57.02,129.39,1,-1,-1,-1
170,3537,249.11,168.12,67.93,154.15,1,-1,-1,-1
171,3545,167.46,191.87,48.22,109.42,1,-1,-1,-1
171,3537,248.96,167.94,68.09,154.52,1,-1,-1,-1
172,3545,165.79,186.29,51.61,117.12,1,-1,-1,-1
172,3537,249.02,159.81,68.01,154.34,1,-1,-1,-1
173,3545,159.43,184.55,52.19,118.43,1,-1,-1,-1
174,3545,157.67,185.16,51.91,117.79,1,-1,-1,-1
175,3545,158.07,184.93,52.05,118.10,1,-1,-1,-1
176,3546,320.08,247.91,30.82,69.93,1,-1,-1,-1
176,3537,256.26,165.73,62.04,140.79,1,-1,-1,-1
177,3537,249.81,166.03,67.79,153.82,1,-1,-1,-1
178,3537,254.85,174.10,62.72,142.33,1,-1,-1,-1
179,3537,256.34,165.90,61.97,140.63,1,-1,-1,-1
184,3545,120.42,161.60,79.11,179.52,1,-1,-1,-1
185,3551,256.19,170.52,63.31,143.66,1,-1,-1,-1
185,3545,122.57,171.62,75.11,170.45,1,-1,-1,-1
186,3551,249.76,169.95,67.18,152.46,1,-1,-1,-1
191,3553,303.10,183.50,61.70,140.01,1,-1,-1,-1
192,3553,311.44,192.06,57.49,130.47,1,-1,-1,-1
193,3553,313.46,193.41,56.57,128.38,1,-1,-1,-1
194,3555,260.00,168.00,68.04,154.40,1,-1,-1,-1
194,3553,312.85,192.82,57.03,129.41,1,-1,-1,-1
195,3553,304.51,184.95,61.84,140.34,1,-1,-1,-1
196,3553,302.59,183.66,62.40,141.61,1,-1,-1,-1
197,3558,193.94,209.06,30.89,70.10,1,-1,-1,-1
198,3558,190.44,210.58,28.46,64.58,1,-1,-1,-1
199,3558,192.22,209.54,30.64,69.53,1,-1,-1,-1
200,3558,189.06,210.06,30.95,70.23,1,-1,-1,-1
201,3558,189.55,210.35,28.43,64.52,1,-1,-1,-1
202,3561,256.46,172.29,61.92,140.51,1,-1,-1,-1
202,3558,191.08,212.72,26.09,59.20,1,-1,-1,-1
203,3561,263.28,174.81,62.37,141.54,1,-1,-1,-1
204,3561,265.51,165.56,62.14,141.02,1,-1,-1,-1
205,3561,264.86,163.59,62.26,141.27,1,-1,-1,-1
206,3563,159.97,209.24,28.03,63.61,1,-1,-1,-1
206,3561,265.04,164.11,62.20,141.15,1,-1,-1,-1
206,3558,187.71,208.86,25.98,58.96,1,-1,-1,-1
207,3563,155.71,210.06,30.84,69.98,1,-1,-1,-1
207,3561,264.99,172.19,62.23,141.21,1,-1,-1,-1
207,3558,184.06,209.19,30.59,69.41,1,-1,-1,-1
208,3563,154.79,209.98,30.85,70.01,1,-1,-1,-1
208,3561,265.00,174.44,62.22,141.18,1,-1,-1,-1
208,3558,187.24,210.13,30.97,70.29,1,-1,-1,-1
209,3561,265.00,173.89,62.22,141.19,1,-1,-1,-1
209,3558,185.57,207.16,33.33,75.64,1,-1,-1,-1
210,3561,265.00,174.03,62.22,141.19,1,-1,-1,-1
210,3558,184.65,204.01,36.68,83.23,1,-1,-1,-1
211,3561,265.00,173.99,62.22,141.19,1,-1,-1,-1
211,3558,185.26,206.86,33.80,76.70,1,-1,-1,-1
212,3561,265.00,174.00,62.22,141.19,1,-1,-1,-1
212,3558,184.77,204.19,36.47,82.76,1,-1,-1,-1
213,3561,273.22,174.00,62.22,141.19,1,-1,-1,-1
213,3558,185.02,203.87,36.91,83.77,1,-1,-1,-1
214,3571,152.22,205.28,31.20,70.79,1,-1,-1,-1
214,3558,185.20,206.97,33.67,76.41,1,-1,-1,-1
215,3571,147.77,202.03,33.22,75.40,1,-1,-1,-1
215,3558,184.97,207.04,33.49,75.99,1,-1,-1,-1
216,3571,150.65,204.72,31.19,70.77,1,-1,-1,-1
216,3558,185.00,202.86,33.58,76.20,1,-1,-1,-1
217,3574,330.69,180.79,62.22,141.19,1,-1,-1,-1
217,3571,146.64,203.49,36.30,82.37,1,-1,-1,-1
217,3561,275.08,174.00,62.22,141.19,1,-1,-1,-1
218,3574,332.63,185.54,62.22,141.19,1,-1,-1,-1
218,3571,145.79,204.00,37.00,83.95,1,-1,-1,-1
218,3561,274.98,174.00,62.22,141.19,1,-1,-1,-1
219,3571,145.88,198.68,39.71,90.11,1,-1,-1,-1
220,3571,146.17,203.09,37.12,84.24,1,-1,-1,-1
221,3571,141.07,204.32,36.59,83.04,1,-1,-1,-1
222,3571,139.53,198.51,39.89,90.52,1,-1,-1,-1
224,3561,270.43,166.51,67.83,153.93,1,-1,-1,-1
225,3561,278.92,168.32,68.14,154.63,1,-1,-1,-1
226,3561,276.93,173.65,62.53,141.90,1,-1,-1,-1
227,3561,274.56,174.17,62.07,140.84,1,-1,-1,-1
228,3583,221.53,197.09,43.40,98.49,1,-1,-1,-1
228,3561,279.67,168.20,67.77,153.79,1,-1,-1,-1
229,3585,322.07,173.85,62.37,141.54,1,-1,-1,-1
229,3583,224.45,198.53,37.50,85.09,1,-1,-1,-1
229,3561,284.09,165.34,62.73,142.34,1,-1,-1,-1
230,3561,284.04,163.82,61.97,140.62,1,-1,-1,-1
231,3561,276.56,163.98,62.34,141.47,1,-1,-1,-1
232,3561,282.03,172.26,62.16,141.05,1,-1,-1,-1
233,3588,101.80,192.91,48.02,108.97,1,-1,-1,-1
233,3585,331.76,169.98,61.47,139.49,1,-1,-1,-1
233,3561,284.47,166.19,62.25,141.26,1,-1,-1,-1
234,3589,185.73,225.72,29.40,66.72,1,-1,-1,-1
234,3588,101.23,185.87,51.70,117.32,1,-1,-1,-1
234,3585,324.23,169.11,68.04,154.41,1,-1,-1,-1
234,3561,281.07,165.97,67.69,153.61,1,-1,-1,-1
235,3592,222.38,191.20,51.31,116.43,1,-1,-1,-1
235,3591,140.17,194.30,47.25,107.22,1,-1,-1,-1
235,3588,95.60,184.68,52.15,118.33,1,-1,-1,-1
235,3585,330.92,167.73,68.04,154.40,1,-1,-1,-1
235,3561,283.73,174.08,62.77,142.44,1,-1,-1,-1
236,3592,215.14,193.84,52.35,118.80,1,-1,-1,-1
236,3591,126.73,185.21,52.07,118.15,1,-1,-1,-1
236,3588,93.62,185.12,51.93,117.84,1,-1,-1,-1
236,3585,333.02,173.76,62.59,142.02,1,-1,-1,-1
236,3561,284.13,174.14,61.95,140.58,1,-1,-1,-1
237,3592,218.07,199.15,47.96,108.84,1,-1,-1,-1
237,3591,132.39,184.96,51.97,117.93,1,-1,-1,-1
237,3588,87.51,184.95,52.03,118.08,1,-1,-1,-1
237,3585,323.58,174.16,62.04,140.78,1,-1,-1,-1
237,3561,281.12,168.18,67.83,153.91,1,-1,-1,-1
238,3592,214.88,193.92,51.73,117.39,1,-1,-1,-1
238,3591,134.40,191.58,52.02,118.04,1,-1,-1,-1
238,3588,75.15,174.56,61.64,139.87,1,-1,-1,-1
238,3585,322.07,168.19,67.79,153.82,1,-1,-1,-1
238,3561,280.94,167.90,68.15,154.64,1,-1,-1,-1
239,3592,213.75,192.70,52.13,118.30,1,-1,-1,-1
239,3591,127.33,186.78,51.99,117.98,1,-1,-1,-1
239,3588,65.43,173.70,62.50,141.83,1,-1,-1,-1
239,3585,322.70,173.56,62.72,142.33,1,-1,-1,-1
239,3561,283.83,173.75,62.53,141.89,1,-1,-1,-1
240,3588,63.69,174.15,62.08,140.88,1,-1,-1,-1
240,3585,322.35,160.28,67.48,153.12,1,-1,-1,-1
240,3561,284.08,174.15,62.07,140.84,1,-1,-1,-1
241,3588,56.66,173.92,62.29,141.34,1,-1,-1,-1
241,3585,323.09,165.51,68.31,155.02,1,-1,-1,-1
241,3561,281.15,168.20,67.77,153.79,1,-1,-1,-1
242,3588,50.80,176.38,57.18,129.75,1,-1,-1,-1
242,3585,322.53,182.61,62.44,141.69,1,-1,-1,-1
242,3561,271.89,167.88,68.17,154.70,1,-1,-1,-1
243,3591,102.77,181.81,62.32,141.42,1,-1,-1,-1
243,3585,321.90,184.40,62.11,140.95,1,-1,-1,-1
243,3561,278.60,168.07,67.98,154.25,1,-1,-1,-1
244,3591,94.84,184.58,62.17,141.08,1,-1,-1,-1
244,3585,313.45,178.97,67.75,153.75,1,-1,-1,-1
244,3561,284.38,181.87,62.62,142.10,1,-1,-1,-1
245,3591,92.54,183.84,62.24,141.25,1,-1,-1,-1
245,3585,320.16,183.78,62.74,142.37,1,-1,-1,-1
245,3561,289.35,179.71,67.52,153.23,1,-1,-1,-1
246,3585,322.51,175.98,61.96,140.61,1,-1,-1,-1
246,3561,283.12,169.65,68.29,154.97,1,-1,-1,-1
247,3596,139.87,222.13,47.32,107.37,1,-1,-1,-1
247,3561,280.51,167.67,67.92,154.12,1,-1,-1,-1
248,3561,281.10,168.05,68.10,154.54,1,-1,-1,-1
249,3561,283.78,181.92,62.55,141.95,1,-1,-1,-1
250,3585,321.96,183.73,62.27,141.31,1,-1,-1,-1
250,3561,281.27,170.64,67.55,153.29,1,-1,-1,-1
251,3596,124.30,221.90,48.02,108.96,1,-1,-1,-1
251,3585,322.02,184.08,62.19,141.13,1,-1,-1,-1
251,3561,280.87,167.22,68.28,154.94,1,-1,-1,-1
252,3585,321.99,183.97,62.23,141.22,1,-1,-1,-1
252,3561,281.06,168.26,67.93,154.14,1,-1,-1,-1
253,3585,322.00,184.01,62.21,141.18,1,-1,-1,-1
253,3561,280.97,167.91,68.10,154.53,1,-1,-1,-1
254,3561,281.01,168.04,68.01,154.34,1,-1,-1,-1
255,3561,276.40,173.67,62.60,142.05,1,-1,-1,-1
256,3561,270.67,161.79,73.46,166.69,1,-1,-1,-1
257,3561,274.91,172.72,63.49,144.06,1,-1,-1,-1
258,3561,270.70,168.89,67.13,152.33,1,-1,-1,-1
259,3561,270.18,160.97,74.33,168.67,1,-1,-1,-1
260,3561,275.17,173.25,62.99,142.93,1,-1,-1,-1
261,3561,277.84,183.36,56.80,128.90,1,-1,-1,-1
262,3561,275.24,175.19,61.94,140.57,1,-1,-1,-1
263,3561,274.91,181.85,62.35,141.49,1,-1,-1,-1
264,3561,261.97,163.97,73.56,166.92,1,-1,-1,-1
265,3561,259.43,160.08,74.64,169.37,1,-1,-1,-1
266,3561,260.18,161.32,74.11,168.18,1,-1,-1,-1
267,3561,264.71,173.08,63.11,143.21,1,-1,-1,-1
268,3561,265.18,174.48,61.78,140.19,1,-1,-1,-1
269,3561,268.67,168.06,67.90,154.08,1,-1,-1,-1
270,3561,266.53,173.63,62.66,142.19,1,-1,-1,-1
271,3561,260.21,168.47,67.51,153.19,1,-1,-1,-1
272,3561,264.32,165.19,62.87,142.66,1,-1,-1,-1
273,3561,265.25,163.89,61.90,140.47,1,-1,-1,-1
274,3561,260.45,158.23,67.85,153.96,1,-1,-1,-1
275,3561,264.31,163.57,62.69,142.25,1,-1,-1,-1
276,3561,260.76,158.49,67.49,153.16,1,-1,-1,-1
277,3561,264.18,171.62,62.88,142.68,1,-1,-1,-1
278,3561,265.28,174.77,61.90,140.46,1,-1,-1,-1
279,3561,261.91,182.63,57.38,130.22,1,-1,-1,-1
283,3607,182.62,212.85,26.00,59.00,1,-1,-1,-1
283,3561,259.96,158.81,67.55,153.30,1,-1,-1,-1
284,3607,183.18,213.07,26.00,59.00,1,-1,-1,-1
284,3561,259.95,165.89,68.28,154.95,1,-1,-1,-1
285,3607,186.24,216.28,26.00,59.00,1,-1,-1,-1
285,3561,260.04,168.59,67.92,154.13,1,-1,-1,-1
286,3607,187.19,217.18,26.00,59.00,1,-1,-1,-1
286,3561,259.98,167.82,68.10,154.53,1,-1,-1,-1
287,3607,186.95,220.24,26.00,59.00,1,-1,-1,-1
287,3561,264.46,181.97,62.56,141.95,1,-1,-1,-1
288,3607,190.30,217.90,26.00,59.00,1,-1,-1,-1
288,3561,268.93,170.63,67.55,153.29,1,-1,-1,-1
289,3607,194.32,214.00,28.19,63.97,1,-1,-1,-1
289,3561,274.64,172.89,62.84,142.61,1,-1,-1,-1
290,3607,198.44,213.96,28.39,64.43,1,-1,-1,-1
290,3561,270.69,168.69,67.42,153.00,1,-1,-1,-1
291,3607,205.86,216.80,26.11,59.25,1,-1,-1,-1
291,3561,281.58,173.32,62.91,142.76,1,-1,-1,-1
292,3607,207.97,214.29,28.14,63.86,1,-1,-1,-1
292,3561,284.68,174.36,61.88,140.42,1,-1,-1,-1
293,3607,207.98,213.88,28.42,64.48,1,-1,-1,-1
293,3561,283.79,173.82,62.39,141.57,1,-1,-1,-1
294,3611,496.28,235.77,40.03,90.84,1,-1,-1,-1
294,3607,207.04,210.42,30.66,69.58,1,-1,-1,-1
294,3561,292.29,174.09,62.14,141.01,1,-1,-1,-1
295,3611,502.13,234.81,39.98,90.73,1,-1,-1,-1
295,3607,210.52,216.20,26.42,59.96,1,-1,-1,-1
295,3561,291.59,168.23,67.74,153.72,1,-1,-1,-1
296,3615,142.47,217.76,26.00,59.00,1,-1,-1,-1
296,3611,508.15,235.04,40.01,90.79,1,-1,-1,-1
296,3607,211.84,214.51,28.00,63.53,1,-1,-1,-1
296,3561,292.91,161.27,74.06,168.06,1,-1,-1,-1
297,3615,146.59,216.64,26.00,59.00,1,-1,-1,-1
297,3611,519.89,234.99,40.00,90.76,1,-1,-1,-1
297,3607,219.40,213.79,28.48,64.64,1,-1,-1,-1
297,3561,302.30,173.07,63.14,143.28,1,-1,-1,-1
298,3611,532.38,235.00,40.00,90.77,1,-1,-1,-1
298,3607,223.19,213.59,26.06,59.14,1,-1,-1,-1
298,3561,304.98,162.05,73.23,166.17,1,-1,-1,-1
299,3607,229.54,212.87,25.97,58.93,1,-1,-1,-1
299,3561,311.39,166.98,68.99,156.55,1,-1,-1,-1
300,3607,226.95,209.89,30.59,69.41,1,-1,-1,-1
301,3615,150.97,212.85,26.00,59.00,1,-1,-1,-1
301,3607,225.74,209.96,30.97,70.28,1,-1,-1,-1
302,3615,147.72,213.04,26.00,59.00,1,-1,-1,-1
302,3607,226.08,210.05,30.79,69.86,1,-1,-1,-1
303,3615,150.11,212.99,26.00,59.00,1,-1,-1,-1
303,3607,225.81,207.14,33.42,75.84,1,-1,-1,-1
303,3561,322.34,167.88,68.15,154.66,1,-1,-1,-1
304,3615,151.22,213.00,26.00,59.00,1,-1,-1,-1
304,3607,230.29,209.74,31.08,70.54,1,-1,-1,-1
304,3561,322.69,173.76,62.52,141.88,1,-1,-1,-1
305,3615,154.23,216.29,26.00,59.00,1,-1,-1,-1
305,3607,230.83,204.35,36.34,82.46,1,-1,-1,-1
305,3561,330.55,168.40,67.57,153.32,1,-1,-1,-1
306,3607,235.10,203.80,36.98,83.91,1,-1,-1,-1
306,3561,340.44,173.44,62.84,142.59,1,-1,-1,-1
307,3607,241.18,204.11,36.67,83.21,1,-1,-1,-1
307,3561,349.43,174.31,61.92,140.50,1,-1,-1,-1
308,3607,242.19,203.95,36.82,83.55,1,-1,-1,-1
308,3561,353.47,168.13,67.84,153.94,1,-1,-1,-1
309,3607,246.89,204.03,36.74,83.38,1,-1,-1,-1
309,3561,360.19,173.60,62.69,142.26,1,-1,-1,-1
310,3607,248.27,203.99,36.78,83.46,1,-1,-1,-1
310,3561,361.26,174.23,61.99,140.66,1,-1,-1,-1
311,3623,417.05,174.00,62.22,141.19,1,-1,-1,-1
311,3607,243.01,204.01,36.76,83.42,1,-1,-1,-1
311,3561,363.85,168.16,67.81,153.87,1,-1,-1,-1
312,3623,419.45,152.47,73.62,167.05,1,-1,-1,-1
312,3607,244.03,203.56,39.82,90.35,1,-1,-1,-1
312,3561,363.24,161.30,74.03,167.99,1,-1,-1,-1
313,3623,434.73,170.36,63.40,143.86,1,-1,-1,-1
313,3607,245.22,204.06,40.09,90.97,1,-1,-1,-1
313,3561,364.91,167.41,68.57,155.60,1,-1,-1,-1
314,3607,249.89,199.08,39.96,90.67,1,-1,-1,-1
314,3561,373.31,168.29,67.78,153.81,1,-1,-1,-1
315,3607,253.09,198.15,36.99,83.95,1,-1,-1,-1
315,3561,375.38,167.86,68.17,154.69,1,-1,-1,-1
316,3625,290.83,210.05,28.29,64.20,1,-1,-1,-1
316,3607,248.45,196.20,43.37,98.41,1,-1,-1,-1
316,3561,374.92,168.07,67.98,154.26,1,-1,-1,-1
317,3607,247.83,197.06,44.09,100.05,1,-1,-1,-1
317,3561,375.01,167.97,68.07,154.47,1,-1,-1,-1
318,3607,248.07,197.05,43.74,99.25,1,-1,-1,-1
318,3561,384.04,168.02,68.03,154.37,1,-1,-1,-1
319,3628,130.12,214.49,28.40,64.45,1,-1,-1,-1
319,3607,247.97,202.71,43.91,99.64,1,-1,-1,-1
319,3561,386.48,167.99,68.05,154.42,1,-1,-1,-1
320,3628,125.77,217.93,28.29,64.19,1,-1,-1,-1
320,3607,248.01,204.33,43.83,99.45,1,-1,-1,-1
320,3561,388.69,181.92,62.58,142.01,1,-1,-1,-1
321,3628,122.15,214.84,30.72,69.71,1,-1,-1,-1
321,3607,242.00,200.07,47.67,108.18,1,-1,-1,-1
321,3561,389.12,184.61,62.04,140.79,1,-1,-1,-1
322,3629,206.91,193.13,51.65,117.20,1,-1,-1,-1
322,3628,117.68,207.64,33.45,75.91,1,-1,-1,-1
322,3607,246.71,203.73,44.22,100.36,1,-1,-1,-1
322,3561,386.14,169.87,67.78,153.82,1,-1,-1,-1
323,3629,204.20,199.20,48.34,109.69,1,-1,-1,-1
323,3628,112.52,203.92,36.63,83.11,1,-1,-1,-1
323,3607,239.63,193.97,51.39,116.62,1,-1,-1,-1
323,3561,385.94,167.47,68.17,154.68,1,-1,-1,-1
324,3629,204.00,200.33,47.67,108.18,1,-1,-1,-1
324,3607,240.22,198.86,48.47,109.99,1,-1,-1,-1
324,3561,386.03,168.16,67.98,154.26,1,-1,-1,-1
325,3629,198.80,193.55,51.86,117.69,1,-1,-1,-1
325,3607,238.54,194.10,51.50,116.86,1,-1,-1,-1
325,3561,394.20,176.98,68.07,154.47,1,-1,-1,-1
326,3629,191.21,192.83,52.07,118.15,1,-1,-1,-1
326,3607,237.81,192.59,52.24,118.55,1,-1,-1,-1
326,3561,399.24,184.37,62.57,141.98,1,-1,-1,-1
327,3607,231.50,193.17,51.88,117.73,1,-1,-1,-1
327,3561,398.98,184.01,62.05,140.80,1,-1,-1,-1
328,3607,229.62,192.93,52.06,118.13,1,-1,-1,-1
328,3561,398.98,183.95,62.30,141.38,1,-1,-1,-1
329,3607,226.52,184.97,56.57,128.37,1,-1,-1,-1
329,3561,399.01,184.04,62.18,141.10,1,-1,-1,-1
330,3607,225.84,183.68,57.03,129.41,1,-1,-1,-1
330,3561,396.61,163.40,73.63,167.09,1,-1,-1,-1
331,3607,218.66,184.12,56.80,128.90,1,-1,-1,-1
331,3561,397.02,160.23,74.60,169.29,1,-1,-1,-1
332,3607,216.27,183.22,61.94,140.57,1,-1,-1,-1
332,3561,397.04,161.28,74.13,168.22,1,-1,-1,-1
333,3607,209.75,184.11,62.35,141.50,1,-1,-1,-1
333,3561,396.51,167.45,68.52,155.48,1,-1,-1,-1
334,3607,207.59,184.01,62.15,141.04,1,-1,-1,-1
334,3561,395.93,168.27,67.81,153.87,1,-1,-1,-1
335,3607,201.00,184.68,57.25,129.91,1,-1,-1,-1
335,3561,396.44,161.28,74.03,167.99,1,-1,-1,-1
336,3607,196.22,178.24,67.27,152.64,1,-1,-1,-1
336,3561,397.11,160.86,74.41,168.85,1,-1,-1,-1
337,3637,246.02,212.10,33.39,75.77,1,-1,-1,-1
337,3607,188.06,169.93,68.42,155.25,1,-1,-1,-1
337,3561,396.99,161.07,74.22,168.43,1,-1,-1,-1
338,3639,579.00,210.55,44.10,100.07,1,-1,-1,-1
338,3637,245.99,211.95,33.63,76.31,1,-1,-1,-1
338,3607,180.23,170.87,73.76,167.37,1,-1,-1,-1
338,3561,397.00,160.97,74.32,168.64,1,-1,-1,-1
339,3640,126.30,183.56,69.53,157.78,1,-1,-1,-1
339,3639,577.52,215.58,43.73,99.23,1,-1,-1,-1
339,3637,242.52,209.95,36.55,82.93,1,-1,-1,-1
339,3607,170.51,163.57,79.91,181.33,1,-1,-1,-1
339,3561,396.54,167.59,68.42,155.25,1,-1,-1,-1
340,3639,577.52,217.04,40.31,91.47,1,-1,-1,-1
340,3637,241.84,209.95,36.88,83.68,1,-1,-1,-1
340,3607,168.95,161.52,74.69,169.49,1,-1,-1,-1
340,3561,396.35,161.58,73.75,167.36,1,-1,-1,-1
341,3639,577.28,226.54,33.79,76.68,1,-1,-1,-1
341,3638,261.81,196.58,43.95,99.73,1,-1,-1,-1
341,3637,237.12,210.04,36.72,83.32,1,-1,-1,-1
341,3607,158.43,160.07,85.80,194.70,1,-1,-1,-1
341,3561,397.09,160.71,74.54,169.16,1,-1,-1,-1
342,3639,571.37,212.14,43.21,98.05,1,-1,-1,-1
342,3638,260.80,197.13,43.81,99.41,1,-1,-1,-1
342,3637,231.61,209.97,36.79,83.50,1,-1,-1,-1
342,3607,157.22,162.93,75.57,171.50,1,-1,-1,-1
342,3561,397.01,161.14,74.16,168.28,1,-1,-1,-1
343,3641,470.28,169.77,68.27,154.93,1,-1,-1,-1
343,3639,571.04,209.77,40.58,92.09,1,-1,-1,-1
343,3637,230.85,210.01,36.76,83.41,1,-1,-1,-1
343,3607,144.80,148.40,85.42,193.84,1,-1,-1,-1
343,3561,405.56,167.49,68.50,155.44,1,-1,-1,-1
344,3639,565.07,204.74,43.37,98.41,1,-1,-1,-1
344,3637,235.14,205.06,36.78,83.45,1,-1,-1,-1
344,3607,125.78,143.62,103.55,234.97,1,-1,-1,-1
344,3561,407.41,160.03,67.82,153.89,1,-1,-1,-1
345,3637,227.80,203.30,39.81,90.34,1,-1,-1,-1
345,3607,123.51,133.31,104.22,236.50,1,-1,-1,-1
345,3561,397.83,165.66,68.15,154.65,1,-1,-1,-1
346,3637,225.54,204.12,40.09,90.98,1,-1,-1,-1
346,3607,111.00,129.26,103.89,235.75,1,-1,-1,-1
346,3561,395.57,177.64,67.99,154.28,1,-1,-1,-1
347,3637,221.19,204.00,39.95,90.67,1,-1,-1,-1
347,3607,92.79,117.30,124.38,282.25,1,-1,-1,-1
347,3561,396.55,163.67,73.95,167.81,1,-1,-1,-1
348,3637,219.70,208.92,40.02,90.82,1,-1,-1,-1
348,3561,397.07,160.25,74.45,168.94,1,-1,-1,-1
349,3637,214.91,204.81,43.62,98.99,1,-1,-1,-1
349,3561,396.54,167.81,68.35,155.09,1,-1,-1,-1
350,3646,234.95,192.52,48.03,109.00,1,-1,-1,-1
350,3637,208.00,197.99,43.97,99.77,1,-1,-1,-1
350,3561,387.69,168.13,67.89,154.06,1,-1,-1,-1
351,3637,201.02,202.54,43.80,99.39,1,-1,-1,-1
351,3561,385.20,161.33,73.99,167.90,1,-1,-1,-1
352,3647,536.96,204.21,43.85,99.51,1,-1,-1,-1
352,3637,194.81,204.34,43.88,99.58,1,-1,-1,-1
352,3561,386.51,167.40,68.59,155.64,1,-1,-1,-1
353,3647,532.04,208.90,43.85,99.52,1,-1,-1,-1
353,3637,193.80,203.92,43.84,99.48,1,-1,-1,-1
353,3561,385.94,168.30,67.77,153.79,1,-1,-1,-1
354,3646,239.47,232.48,32.64,74.07,1,-1,-1,-1
354,3637,194.05,204.01,43.86,99.53,1,-1,-1,-1
354,3561,385.61,161.26,74.05,168.02,1,-1,-1,-1
