1,4911,506.00,115.00,56.88,129.07,1,-1,-1,-1
1,4910,557.00,82.00,86.67,196.67,1,-1,-1,-1
1,4909,84.00,104.00,94.55,214.55,1,-1,-1,-1
1,4908,172.00,82.00,104.00,236.00,1,-1,-1,-1
1,4907,332.00,82.00,104.00,236.00,1,-1,-1,-1
1,4906,428.00,98.00,104.00,236.00,1,-1,-1,-1
2,4911,506.00,115.00,56.88,129.07,1,-1,-1,-1
2,4910,563.00,87.99,80.01,181.56,1,-1,-1,-1
2,4909,69.00,104.00,94.54,214.55,1,-1,-1,-1
2,4908,172.00,82.00,104.00,236.00,1,-1,-1,-1
2,4907,332.00,82.00,104.00,236.00,1,-1,-1,-1
2,4906,428.00,98.00,104.00,236.00,1,-1,-1,-1
3,4913,323.00,157.00,26.00,59.00,1,-1,-1,-1
3,4912,375.00,104.00,94.54,214.55,1,-1,-1,-1
3,4911,509.79,120.70,52.24,118.55,1,-1,-1,-1
3,4910,557.60,82.52,86.05,195.28,1,-1,-1,-1
3,4909,68.17,104.00,94.54,214.55,1,-1,-1,-1
3,4908,172.00,82.00,104.00,236.00,1,-1,-1,-1
3,4907,344.30,88.67,95.02,215.62,1,-1,-1,-1
3,4906,428.00,98.00,104.00,236.00,1,-1,-1,-1
4,4911,499.62,115.59,56.45,128.10,1,-1,-1,-1
4,4910,556.28,81.82,87.09,197.63,1,-1,-1,-1
4,4909,77.65,120.27,87.15,197.76,1,-1,-1,-1
4,4908,183.62,88.84,95.12,215.86,1,-1,-1,-1
4,4907,348.18,82.10,103.17,234.12,1,-1,-1,-1
4,4906,428.00,98.00,104.00,236.00,1,-1,-1,-1
5,4911,503.89,107.20,57.10,129.57,1,-1,-1,-1
5,4910,557.35,82.11,86.45,196.17,1,-1,-1,-1
5,4909,65.03,122.85,86.42,196.11,1,-1,-1,-1
5,4908,185.67,89.10,94.25,213.87,1,-1,-1,-1
5,4907,347.90,81.92,104.42,236.96,1,-1,-1,-1
5,4906,444.33,91.61,95.14,215.90,1,-1,-1,-1
6,4910,556.88,81.92,86.77,196.91,1,-1,-1,-1
6,4909,62.39,121.70,86.79,196.95,1,-1,-1,-1
6,4908,186.69,81.88,103.59,235.07,1,-1,-1,-1
6,4907,342.65,85.98,111.35,252.67,1,-1,-1,-1
6,4906,447.83,100.75,94.25,213.88,1,-1,-1,-1
7,4914,157.33,75.97,80.52,182.73,1,-1,-1,-1
7,4912,383.77,94.56,103.46,234.78,1,-1,-1,-1
7,4910,557.04,82.05,86.61,196.55,1,-1,-1,-1
7,4909,43.78,106.23,94.03,213.39,1,-1,-1,-1
7,4908,188.28,81.92,104.20,236.46,1,-1,-1,-1
7,4907,347.14,84.42,104.84,237.92,1,-1,-1,-1
7,4906,446.76,104.74,94.69,214.87,1,-1,-1,-1
8,4914,168.60,94.96,63.09,143.16,1,-1,-1,-1
8,4912,405.13,99.18,104.27,236.61,1,-1,-1,-1
8,4910,545.48,81.97,86.69,196.73,1,-1,-1,-1
8,4909,39.01,103.31,94.79,215.11,1,-1,-1,-1
8,4908,198.37,101.40,95.03,215.66,1,-1,-1,-1
8,4907,358.74,101.01,94.69,214.87,1,-1,-1,-1
8,4906,444.04,84.48,103.39,234.62,1,-1,-1,-1
9,4914,158.65,77.10,78.70,178.60,1,-1,-1,-1
9,4910,542.40,82.01,86.65,196.64,1,-1,-1,-1
9,4909,38.27,108.57,87.03,197.49,1,-1,-1,-1
9,4908,200.46,104.77,94.31,214.00,1,-1,-1,-1
9,4907,363.04,85.39,103.39,234.62,1,-1,-1,-1
9,4906,443.92,81.23,104.30,236.67,1,-1,-1,-1
10,4914,166.61,79.76,75.31,170.90,1,-1,-1,-1
10,4910,543.15,81.99,86.67,196.68,1,-1,-1,-1
10,4909,26.39,103.58,93.93,213.14,1,-1,-1,-1
10,4908,197.84,130.24,87.29,198.08,1,-1,-1,-1
10,4907,364.16,81.01,104.30,236.67,1,-1,-1,-1
10,4906,444.06,82.27,103.85,235.67,1,-1,-1,-1
11,4914,171.26,96.39,62.41,141.63,1,-1,-1,-1
11,4910,542.97,82.00,86.66,196.66,1,-1,-1,-1
11,4909,24.59,91.60,94.85,215.23,1,-1,-1,-1
11,4907,364.00,82.33,103.85,235.67,1,-1,-1,-1
11,4906,444.31,71.77,111.61,253.26,1,-1,-1,-1
12,4917,230.98,125.28,80.70,183.12,1,-1,-1,-1
12,4914,157.92,76.59,78.97,179.20,1,-1,-1,-1
12,4910,543.01,82.00,86.67,196.67,1,-1,-1,-1
12,4909,13.88,94.54,103.32,234.46,1,-1,-1,-1
12,4907,373.56,88.86,95.22,216.08,1,-1,-1,-1
12,4906,457.90,80.78,104.71,237.61,1,-1,-1,-1
13,4917,228.52,105.50,93.43,212.02,1,-1,-1,-1
13,4914,156.65,74.33,80.50,182.67,1,-1,-1,-1
13,4910,543.00,82.00,86.67,196.67,1,-1,-1,-1
13,4909,11.17,104.79,95.50,216.72,1,-1,-1,-1
13,4907,375.43,89.22,94.21,213.80,1,-1,-1,-1
13,4906,460.60,82.50,103.65,235.21,1,-1,-1,-1
14,4918,409.00,120.31,87.50,198.56,1,-1,-1,-1
14,4917,213.79,129.82,87.75,199.13,1,-1,-1,-1
14,4914,157.15,75.30,79.75,180.98,1,-1,-1,-1
14,4910,539.28,87.80,80.42,182.49,1,-1,-1,-1
14,4909,-1.84,97.81,103.02,233.79,1,-1,-1,-1
14,4907,374.85,88.85,94.71,214.91,1,-1,-1,-1
14,4906,461.99,101.08,95.33,216.32,1,-1,-1,-1
15,4918,384.49,87.24,102.68,233.00,1,-1,-1,-1
15,4914,172.32,96.15,54.28,123.16,1,-1,-1,-1
15,4910,530.76,82.31,86.09,195.36,1,-1,-1,-1
15,4909,-4.64,97.78,104.47,237.08,1,-1,-1,-1
15,4907,352.29,68.88,103.38,234.60,1,-1,-1,-1
15,4906,462.10,104.93,94.16,213.68,1,-1,-1,-1
16,4920,477.55,87.03,103.52,234.92,1,-1,-1,-1
16,4919,237.57,108.87,86.57,196.45,1,-1,-1,-1
16,4918,378.58,80.19,104.64,237.46,1,-1,-1,-1
16,4910,529.75,81.77,86.95,197.31,1,-1,-1,-1
16,4909,9.10,104.38,94.89,215.33,1,-1,-1,-1
16,4906,446.57,97.46,103.63,235.15,1,-1,-1,-1
17,4920,475.25,79.56,104.24,236.55,1,-1,-1,-1
17,4919,242.15,90.90,94.13,213.62,1,-1,-1,-1
17,4918,380.43,82.63,103.68,235.28,1,-1,-1,-1
17,4910,537.06,77.27,80.27,182.15,1,-1,-1,-1
17,4909,-14.55,97.76,103.30,234.42,1,-1,-1,-1
17,4906,443.33,98.03,104.18,236.41,1,-1,-1,-1
18,4920,476.24,82.76,103.88,235.73,1,-1,-1,-1
18,4919,244.46,88.38,94.75,215.00,1,-1,-1,-1
18,4918,379.86,81.76,104.15,236.35,1,-1,-1,-1
18,4910,538.26,85.21,79.87,181.24,1,-1,-1,-1
18,4909,-21.41,97.87,104.34,236.77,1,-1,-1,-1
18,4906,435.69,104.22,95.04,215.68,1,-1,-1,-1
19,4923,584.86,106.68,57.26,129.94,1,-1,-1,-1
19,4922,165.33,84.94,67.57,153.34,1,-1,-1,-1
19,4920,489.08,81.78,104.06,236.13,1,-1,-1,-1
19,4919,249.30,105.87,87.05,197.55,1,-1,-1,-1
19,4918,380.05,82.10,103.92,235.83,1,-1,-1,-1
19,4909,-17.42,104.31,94.96,215.49,1,-1,-1,-1
19,4906,432.40,104.09,94.30,213.99,1,-1,-1,-1
20,4923,585.08,105.69,56.68,128.62,1,-1,-1,-1
20,4922,173.09,96.72,53.41,121.19,1,-1,-1,-1
20,4920,492.72,82.07,103.97,235.94,1,-1,-1,-1
20,4919,244.81,104.25,93.91,213.12,1,-1,-1,-1
20,4918,379.98,81.95,104.04,236.08,1,-1,-1,-1
20,4909,-16.81,119.88,86.94,197.29,1,-1,-1,-1
20,4906,415.29,97.70,103.56,235.01,1,-1,-1,-1
21,4922,174.41,97.42,51.29,116.40,1,-1,-1,-1
21,4920,491.82,81.97,104.01,236.03,1,-1,-1,-1
21,4919,257.96,106.21,76.04,172.56,1,-1,-1,-1
21,4918,393.16,82.02,103.98,235.96,1,-1,-1,-1
21,4909,-17.01,122.59,86.53,196.36,1,-1,-1,-1
21,4906,424.29,97.95,104.21,236.48,1,-1,-1,-1
22,4922,165.46,84.66,67.45,153.05,1,-1,-1,-1
22,4920,492.05,82.01,103.99,235.98,1,-1,-1,-1
22,4918,396.69,81.99,104.01,236.02,1,-1,-1,-1
23,4922,164.82,84.92,68.33,155.05,1,-1,-1,-1
23,4920,491.99,82.00,104.00,236.01,1,-1,-1,-1
23,4918,395.83,82.00,104.00,235.99,1,-1,-1,-1
24,4926,264.36,108.29,86.50,196.28,1,-1,-1,-1
24,4922,165.08,85.10,67.90,154.08,1,-1,-1,-1
24,4920,503.23,88.99,95.14,215.90,1,-1,-1,-1
24,4918,409.19,82.00,104.00,236.00,1,-1,-1,-1
25,4926,270.26,91.05,94.17,213.70,1,-1,-1,-1
25,4922,164.96,84.94,68.11,154.56,1,-1,-1,-1
25,4920,505.50,89.17,94.25,213.89,1,-1,-1,-1
25,4918,412.69,82.00,104.00,236.00,1,-1,-1,-1
26,4926,273.75,88.33,94.73,214.96,1,-1,-1,-1
26,4922,165.02,85.03,68.01,154.32,1,-1,-1,-1
26,4920,504.84,88.88,94.69,214.87,1,-1,-1,-1
26,4918,411.83,82.00,104.00,236.00,1,-1,-1,-1
27,4926,276.58,105.88,87.06,197.57,1,-1,-1,-1
27,4922,164.99,84.98,68.06,154.44,1,-1,-1,-1
27,4920,506.95,82.02,103.39,234.62,1,-1,-1,-1
27,4918,412.04,82.00,104.00,236.00,1,-1,-1,-1
28,4926,261.05,104.25,93.91,213.11,1,-1,-1,-1
28,4922,165.00,85.01,68.03,154.38,1,-1,-1,-1
28,4920,508.18,81.83,104.30,236.67,1,-1,-1,-1
28,4918,411.99,82.00,104.00,236.00,1,-1,-1,-1
29,4922,165.00,85.00,68.04,154.41,1,-1,-1,-1
29,4920,507.99,82.12,103.85,235.67,1,-1,-1,-1
29,4918,412.00,82.00,104.00,236.00,1,-1,-1,-1
30,4922,165.00,93.22,68.04,154.40,1,-1,-1,-1
30,4920,507.98,81.93,104.07,236.16,1,-1,-1,-1
30,4918,412.00,82.00,104.00,236.00,1,-1,-1,-1
31,4934,304.04,100.92,76.24,173.01,1,-1,-1,-1
31,4922,165.00,95.43,68.04,154.40,1,-1,-1,-1
31,4920,508.01,82.04,103.97,235.92,1,-1,-1,-1
31,4918,405.97,101.32,95.14,215.90,1,-1,-1,-1
32,4934,303.73,107.20,85.09,193.09,1,-1,-1,-1
32,4922,157.69,76.80,79.33,180.02,1,-1,-1,-1
32,4920,521.14,81.98,104.02,236.04,1,-1,-1,-1
33,4936,429.64,80.61,103.77,235.48,1,-1,-1,-1
33,4934,302.63,107.88,87.43,198.41,1,-1,-1,-1
33,4922,163.97,84.07,69.20,157.03,1,-1,-1,-1
33,4920,524.70,82.01,103.99,235.98,1,-1,-1,-1
34,4936,427.21,82.66,104.12,236.27,1,-1,-1,-1
34,4934,315.42,125.51,74.65,169.41,1,-1,-1,-1
34,4922,165.40,93.77,67.47,153.10,1,-1,-1,-1
34,4920,523.83,82.00,104.00,236.01,1,-1,-1,-1
35,4938,447.32,81.40,103.70,235.32,1,-1,-1,-1
35,4936,415.06,68.65,103.94,235.87,1,-1,-1,-1
35,4934,317.08,114.35,79.50,180.40,1,-1,-1,-1
35,4922,164.83,95.14,68.32,155.03,1,-1,-1,-1
35,4920,533.63,88.99,95.14,215.90,1,-1,-1,-1
36,4938,445.38,89.21,95.31,216.28,1,-1,-1,-1
36,4936,416.70,97.79,95.17,215.97,1,-1,-1,-1
36,4934,316.53,107.11,86.51,196.30,1,-1,-1,-1
36,4922,165.07,95.04,67.90,154.09,1,-1,-1,-1
36,4920,535.41,89.17,94.25,213.89,1,-1,-1,-1
37,4938,447.54,89.12,94.17,213.69,1,-1,-1,-1
37,4934,317.10,108.17,86.75,196.85,1,-1,-1,-1
37,4922,173.23,98.56,53.19,120.70,1,-1,-1,-1
37,4920,534.86,88.88,94.69,214.87,1,-1,-1,-1
38,4938,446.82,88.87,94.73,214.97,1,-1,-1,-1
38,4934,327.24,112.14,80.38,182.39,1,-1,-1,-1
38,4920,535.05,89.07,94.48,214.39,1,-1,-1,-1
39,4938,447.07,89.08,94.46,214.35,1,-1,-1,-1
39,4934,329.48,102.21,79.82,181.12,1,-1,-1,-1
39,4920,538.52,81.92,103.49,234.84,1,-1,-1,-1
40,4942,158.27,79.53,79.15,179.61,1,-1,-1,-1
40,4940,476.00,104.00,94.55,214.55,1,-1,-1,-1
40,4938,446.97,88.96,94.59,214.65,1,-1,-1,-1
40,4934,329.29,94.40,86.36,195.98,1,-1,-1,-1
40,4920,548.23,88.84,95.42,216.52,1,-1,-1,-1
41,4942,156.38,72.80,80.43,182.53,1,-1,-1,-1
41,4940,464.39,91.56,94.54,214.55,1,-1,-1,-1
41,4938,435.51,101.35,94.52,214.50,1,-1,-1,-1
41,4934,340.38,100.03,80.58,182.85,1,-1,-1,-1
41,4920,549.30,89.28,94.12,213.58,1,-1,-1,-1
42,4942,157.22,75.74,79.79,181.05,1,-1,-1,-1
42,4940,474.80,131.97,75.66,171.69,1,-1,-1,-1
42,4938,460.62,98.13,75.67,171.72,1,-1,-1,-1
42,4934,342.88,95.11,86.02,195.20,1,-1,-1,-1
42,4920,548.88,88.81,94.75,215.02,1,-1,-1,-1
43,4942,172.31,96.06,54.25,123.11,1,-1,-1,-1
43,4940,487.60,113.83,85.38,193.76,1,-1,-1,-1
43,4938,464.22,91.97,85.38,193.75,1,-1,-1,-1
43,4934,342.95,94.79,86.98,197.39,1,-1,-1,-1
43,4920,541.09,82.05,103.36,234.55,1,-1,-1,-1
44,4938,461.28,89.44,94.66,214.82,1,-1,-1,-1
44,4934,343.05,95.14,86.51,196.32,1,-1,-1,-1
44,4920,547.58,88.77,95.48,216.67,1,-1,-1,-1
45,4938,462.19,88.93,94.49,214.42,1,-1,-1,-1
45,4934,342.97,94.92,86.74,196.84,1,-1,-1,-1
45,4920,556.51,106.01,86.66,196.66,1,-1,-1,-1
46,4951,158.27,79.53,79.15,179.61,1,-1,-1,-1
46,4938,461.95,89.00,94.57,214.61,1,-1,-1,-1
46,4934,354.52,95.04,86.63,196.59,1,-1,-1,-1
46,4920,557.12,108.48,86.67,196.68,1,-1,-1,-1
47,4951,156.38,72.80,80.43,182.53,1,-1,-1,-1
47,4938,473.52,89.01,94.53,214.52,1,-1,-1,-1
47,4934,357.60,94.98,86.69,196.71,1,-1,-1,-1
47,4920,562.25,103.52,94.09,213.51,1,-1,-1,-1
48,4951,157.22,75.74,79.79,181.05,1,-1,-1,-1
48,4950,510.30,103.67,94.00,213.31,1,-1,-1,-1
48,4938,476.60,88.99,94.55,214.56,1,-1,-1,-1
48,4934,345.35,105.69,86.66,196.65,1,-1,-1,-1
48,4920,557.24,84.64,103.66,235.23,1,-1,-1,-1
49,4953,369.54,94.45,86.43,196.13,1,-1,-1,-1
49,4952,433.23,90.01,94.12,213.60,1,-1,-1,-1
49,4951,172.31,96.06,54.25,123.11,1,-1,-1,-1
49,4950,503.58,103.94,94.81,215.16,1,-1,-1,-1
49,4938,475.85,89.00,94.54,214.54,1,-1,-1,-1
49,4920,568.12,104.80,88.01,199.71,1,-1,-1,-1
50,4953,370.09,95.08,86.79,196.94,1,-1,-1,-1
50,4952,429.57,99.48,81.19,184.25,1,-1,-1,-1
50,4950,505.39,104.09,94.41,214.25,1,-1,-1,-1
50,4938,476.04,89.00,94.55,214.55,1,-1,-1,-1
50,4920,565.19,92.41,93.48,212.13,1,-1,-1,-1
51,4955,358.83,162.85,94.21,213.79,1,-1,-1,-1
51,4953,380.68,95.01,86.61,196.54,1,-1,-1,-1
51,4952,427.76,100.46,79.41,180.20,1,-1,-1,-1
51,4950,493.38,91.61,94.61,214.70,1,-1,-1,-1
51,4938,464.49,101.33,94.54,214.55,1,-1,-1,-1
51,4920,539.75,87.88,95.06,215.72,1,-1,-1,-1
52,4953,383.56,94.98,86.70,196.73,1,-1,-1,-1
52,4952,430.77,94.70,74.95,170.08,1,-1,-1,-1
52,4950,490.43,88.38,94.51,214.48,1,-1,-1,-1
52,4938,461.39,104.65,94.55,214.55,1,-1,-1,-1
52,4920,521.58,77.91,94.29,213.98,1,-1,-1,-1
53,4953,382.87,95.01,86.65,196.64,1,-1,-1,-1
53,4952,435.29,92.65,85.69,194.45,1,-1,-1,-1
53,4950,502.64,89.14,94.56,214.58,1,-1,-1,-1
53,4938,473.65,103.84,94.54,214.55,1,-1,-1,-1
54,4953,383.03,94.99,86.67,196.69,1,-1,-1,-1
54,4952,437.30,95.31,87.14,197.74,1,-1,-1,-1
54,4950,505.58,88.97,94.54,214.53,1,-1,-1,-1
55,4959,157.79,76.19,78.64,178.45,1,-1,-1,-1
55,4953,394.50,95.00,86.66,196.66,1,-1,-1,-1
55,4952,439.85,100.06,80.17,181.92,1,-1,-1,-1
55,4950,504.86,89.01,94.55,214.56,1,-1,-1,-1
56,4959,156.60,74.39,80.69,183.11,1,-1,-1,-1
56,4953,397.61,95.00,86.67,196.67,1,-1,-1,-1
56,4952,425.68,105.69,86.20,195.62,1,-1,-1,-1
56,4950,505.04,89.00,94.54,214.55,1,-1,-1,-1
57,4959,157.19,75.34,79.66,180.76,1,-1,-1,-1
57,4953,396.85,95.00,86.67,196.67,1,-1,-1,-1
57,4952,422.29,108.44,86.89,197.18,1,-1,-1,-1
57,4950,504.99,77.49,94.55,214.55,1,-1,-1,-1
58,4959,156.91,74.82,80.17,181.92,1,-1,-1,-1
58,4953,397.04,95.00,86.67,196.67,1,-1,-1,-1
58,4952,423.20,86.59,86.56,196.42,1,-1,-1,-1
58,4950,505.00,85.90,94.54,214.55,1,-1,-1,-1
59,4959,157.04,75.09,79.92,181.35,1,-1,-1,-1
59,4953,396.99,95.00,86.67,196.67,1,-1,-1,-1
59,4952,422.94,80.85,86.72,196.79,1,-1,-1,-1
59,4950,515.32,95.72,87.16,197.79,1,-1,-1,-1
60,4959,172.39,96.29,54.16,122.90,1,-1,-1,-1
60,4953,397.00,95.00,86.67,196.67,1,-1,-1,-1
60,4952,423.02,103.66,86.64,196.61,1,-1,-1,-1
60,4950,519.45,88.94,93.87,213.01,1,-1,-1,-1
61,4953,407.56,103.99,75.09,170.40,1,-1,-1,-1
61,4952,430.27,117.21,75.10,170.43,1,-1,-1,-1
61,4950,520.05,88.83,94.88,215.30,1,-1,-1,-1
62,4952,422.24,115.93,73.88,167.66,1,-1,-1,-1
62,4950,528.71,95.11,86.99,197.40,1,-1,-1,-1
63,4952,419.40,115.90,74.48,169.02,1,-1,-1,-1
63,4950,530.35,95.06,86.51,196.32,1,-1,-1,-1
64,4965,157.00,75.00,80.00,181.54,1,-1,-1,-1
64,4952,426.40,102.14,79.58,180.58,1,-1,-1,-1
64,4950,529.89,94.94,86.74,196.84,1,-1,-1,-1
65,4965,157.00,75.00,80.00,181.54,1,-1,-1,-1
65,4952,428.34,99.36,80.21,182.01,1,-1,-1,-1
65,4950,530.04,95.04,86.63,196.59,1,-1,-1,-1
66,4967,382.45,81.91,86.88,197.15,1,-1,-1,-1
66,4965,157.00,75.00,80.00,181.54,1,-1,-1,-1
66,4952,427.94,100.21,79.90,181.31,1,-1,-1,-1
66,4950,529.99,94.98,86.69,196.71,1,-1,-1,-1
67,4967,379.45,87.85,80.30,182.21,1,-1,-1,-1
67,4965,157.00,75.00,80.00,181.54,1,-1,-1,-1
67,4952,428.00,99.92,80.05,181.65,1,-1,-1,-1
67,4950,533.64,89.00,94.08,213.50,1,-1,-1,-1
68,4967,377.61,88.11,79.85,181.21,1,-1,-1,-1
68,4965,164.25,92.97,68.82,156.17,1,-1,-1,-1
68,4952,428.01,100.03,79.98,181.49,1,-1,-1,-1
68,4950,542.29,94.81,87.41,198.35,1,-1,-1,-1
69,4967,378.08,87.93,80.07,181.70,1,-1,-1,-1
69,4965,165.28,95.71,67.66,153.53,1,-1,-1,-1
69,4952,412.80,94.97,86.29,195.82,1,-1,-1,-1
69,4950,554.77,95.25,86.30,195.84,1,-1,-1,-1
70,4970,435.79,80.67,86.88,197.15,1,-1,-1,-1
70,4967,377.99,88.04,79.96,181.46,1,-1,-1,-1
70,4965,164.89,94.72,68.23,154.82,1,-1,-1,-1
70,4950,550.46,77.34,94.25,213.88,1,-1,-1,-1
71,4970,437.59,82.64,86.56,196.42,1,-1,-1,-1
71,4967,375.04,92.84,74.66,169.42,1,-1,-1,-1
71,4965,165.05,95.12,67.95,154.19,1,-1,-1,-1
71,4950,555.63,81.12,87.32,198.14,1,-1,-1,-1
72,4970,449.56,97.47,80.48,182.62,1,-1,-1,-1
72,4967,373.79,93.14,74.10,168.15,1,-1,-1,-1
72,4965,167.89,82.59,73.97,167.84,1,-1,-1,-1
72,4950,557.41,93.08,86.35,195.95,1,-1,-1,-1
73,4970,452.67,100.76,79.77,181.01,1,-1,-1,-1
73,4967,374.03,92.91,74.38,168.77,1,-1,-1,-1
73,4965,159.03,74.83,79.81,181.11,1,-1,-1,-1
73,4950,556.86,84.70,86.82,197.02,1,-1,-1,-1
74,4970,453.78,103.78,74.76,169.66,1,-1,-1,-1
74,4967,367.09,88.16,79.63,180.69,1,-1,-1,-1
74,4965,166.67,80.66,74.74,169.60,1,-1,-1,-1
74,4950,550.00,74.55,94.02,213.36,1,-1,-1,-1
75,4970,452.12,100.11,79.45,180.29,1,-1,-1,-1
75,4967,365.69,87.86,80.18,181.95,1,-1,-1,-1
75,4965,166.71,93.55,68.19,154.74,1,-1,-1,-1
75,4950,555.71,92.41,87.44,198.42,1,-1,-1,-1
76,4970,463.73,103.84,74.93,170.03,1,-1,-1,-1
76,4967,366.10,88.09,79.91,181.34,1,-1,-1,-1
76,4965,164.60,95.39,67.97,154.23,1,-1,-1,-1
76,4950,568.09,95.85,86.29,195.81,1,-1,-1,-1
77,4970,466.63,104.22,73.97,167.85,1,-1,-1,-1
77,4967,365.97,87.95,80.04,181.64,1,-1,-1,-1
77,4965,168.00,82.53,73.96,167.83,1,-1,-1,-1
78,4973,557.99,96.32,86.08,195.33,1,-1,-1,-1
78,4970,465.81,103.86,74.44,168.92,1,-1,-1,-1
78,4967,363.88,92.88,74.62,169.33,1,-1,-1,-1
78,4965,166.27,92.84,68.61,155.68,1,-1,-1,-1
79,4973,556.51,94.34,86.97,197.35,1,-1,-1,-1
79,4970,466.07,104.08,74.21,168.40,1,-1,-1,-1
79,4967,362.83,93.12,74.12,168.20,1,-1,-1,-1
79,4965,164.76,95.68,67.76,153.77,1,-1,-1,-1
80,4975,528.77,83.23,86.67,196.67,1,-1,-1,-1
80,4973,557.17,95.26,86.52,196.33,1,-1,-1,-1
80,4970,462.76,84.17,86.00,195.16,1,-1,-1,-1
80,4967,353.16,92.92,74.37,168.75,1,-1,-1,-1
80,4965,165.02,94.76,68.18,154.71,1,-1,-1,-1
81,4975,534.56,92.01,75.09,170.39,1,-1,-1,-1
81,4973,557.63,103.87,75.17,170.59,1,-1,-1,-1
81,4970,477.94,94.21,69.71,158.18,1,-1,-1,-1
81,4967,350.48,93.04,74.25,168.48,1,-1,-1,-1
81,4965,165.01,95.10,67.97,154.25,1,-1,-1,-1
82,4973,551.67,100.18,79.26,179.86,1,-1,-1,-1
82,4967,351.12,92.98,74.30,168.61,1,-1,-1,-1
82,4965,174.03,94.96,68.07,154.47,1,-1,-1,-1
83,4977,378.56,100.03,80.18,181.96,1,-1,-1,-1
83,4973,560.61,109.61,80.36,182.36,1,-1,-1,-1
83,4967,353.10,88.12,79.66,180.76,1,-1,-1,-1
83,4965,176.48,95.02,68.03,154.36,1,-1,-1,-1
84,4978,470.31,127.08,68.37,155.15,1,-1,-1,-1
84,4967,354.18,87.88,80.17,181.92,1,-1,-1,-1
84,4965,169.75,82.63,73.93,167.77,1,-1,-1,-1
85,4975,537.97,100.74,79.78,181.03,1,-1,-1,-1
85,4967,353.98,88.08,79.92,181.35,1,-1,-1,-1
85,4965,168.77,80.50,74.46,168.96,1,-1,-1,-1
86,4975,535.01,103.78,74.76,169.65,1,-1,-1,-1
86,4967,346.45,95.24,68.87,156.27,1,-1,-1,-1
86,4965,169.08,81.17,74.20,168.38,1,-1,-1,-1
87,4979,498.93,102.90,74.83,169.80,1,-1,-1,-1
87,4975,533.81,104.19,74.05,168.04,1,-1,-1,-1
87,4967,343.51,95.18,67.63,153.48,1,-1,-1,-1
87,4965,175.08,93.25,68.48,155.39,1,-1,-1,-1
88,4979,500.52,104.55,74.01,167.93,1,-1,-1,-1
88,4975,534.02,103.89,74.40,168.83,1,-1,-1,-1
88,4967,340.42,92.37,74.11,168.16,1,-1,-1,-1
88,4965,170.14,83.17,73.73,167.30,1,-1,-1,-1
89,4982,384.00,106.00,56.88,129.07,1,-1,-1,-1
89,4979,501.56,83.99,86.09,195.36,1,-1,-1,-1
89,4975,529.96,94.94,85.92,194.98,1,-1,-1,-1
89,4967,339.88,93.10,74.37,168.77,1,-1,-1,-1
89,4965,168.65,80.32,74.56,169.19,1,-1,-1,-1
90,4982,384.00,106.00,56.88,129.07,1,-1,-1,-1
90,4979,512.71,96.99,80.72,183.17,1,-1,-1,-1
90,4975,536.87,109.63,80.81,183.37,1,-1,-1,-1
90,4967,340.04,93.00,74.24,168.47,1,-1,-1,-1
90,4965,169.12,81.24,74.15,168.27,1,-1,-1,-1
91,4982,384.00,106.00,56.88,129.07,1,-1,-1,-1
91,4979,512.28,105.00,74.26,168.52,1,-1,-1,-1
91,4975,538.38,102.94,79.60,180.64,1,-1,-1,-1
91,4967,330.60,88.10,79.69,180.83,1,-1,-1,-1
91,4965,175.07,93.22,68.50,155.45,1,-1,-1,-1
92,4982,384.00,106.00,56.88,129.07,1,-1,-1,-1
92,4979,512.81,89.82,79.68,180.81,1,-1,-1,-1
92,4975,537.86,99.17,80.19,181.98,1,-1,-1,-1
92,4967,328.57,87.89,80.15,181.89,1,-1,-1,-1
92,4965,176.29,87.35,67.81,153.88,1,-1,-1,-1
93,4979,521.97,101.35,74.81,169.76,1,-1,-1,-1
93,4967,329.12,88.07,79.93,181.37,1,-1,-1,-1
93,4965,175.90,84.37,68.15,154.65,1,-1,-1,-1
94,4979,515.57,90.85,79.43,180.24,1,-1,-1,-1
94,4967,328.96,87.96,80.04,181.62,1,-1,-1,-1
94,4965,176.04,85.19,67.99,154.28,1,-1,-1,-1
95,4979,515.62,81.33,86.54,196.38,1,-1,-1,-1
95,4967,329.01,88.02,79.98,181.50,1,-1,-1,-1
95,4965,178.78,95.56,62.61,142.09,1,-1,-1,-1
96,4979,515.24,87.93,80.49,182.64,1,-1,-1,-1
96,4967,338.37,101.89,74.65,169.40,1,-1,-1,-1
96,4965,176.28,86.79,67.53,153.23,1,-1,-1,-1
97,4979,513.76,88.15,79.76,181.00,1,-1,-1,-1
97,4967,350.18,116.06,62.80,142.51,1,-1,-1,-1
97,4965,175.87,84.42,68.29,154.97,1,-1,-1,-1
98,4985,382.67,115.42,57.99,131.59,1,-1,-1,-1
98,4975,531.00,84.22,86.32,195.87,1,-1,-1,-1
98,4967,367.10,151.36,44.78,101.61,1,-1,-1,-1
98,4965,176.06,85.21,67.92,154.12,1,-1,-1,-1
99,4987,316.79,88.17,79.68,180.81,1,-1,-1,-1
99,4986,501.97,114.93,68.21,154.78,1,-1,-1,-1
99,4985,381.01,107.47,61.38,139.28,1,-1,-1,-1
99,4975,529.71,81.34,86.84,197.07,1,-1,-1,-1
99,4965,178.77,95.53,62.65,142.17,1,-1,-1,-1
100,4987,317.39,92.74,74.82,169.78,1,-1,-1,-1
100,4986,505.68,157.91,49.22,111.68,1,-1,-1,-1
100,4985,381.80,112.82,53.15,120.62,1,-1,-1,-1
100,4975,537.06,97.89,80.32,182.28,1,-1,-1,-1
100,4965,179.11,97.48,62.01,140.71,1,-1,-1,-1
101,4987,316.94,93.20,74.02,167.97,1,-1,-1,-1
101,4986,504.84,171.14,43.39,98.45,1,-1,-1,-1
101,4985,382.19,113.37,51.43,116.70,1,-1,-1,-1
101,4975,538.27,100.61,79.84,181.18,1,-1,-1,-1
101,4965,176.14,86.18,67.80,153.85,1,-1,-1,-1
102,4987,313.23,95.33,68.57,155.61,1,-1,-1,-1
102,4986,498.57,157.55,47.87,108.63,1,-1,-1,-1
102,4985,381.88,112.75,52.28,118.63,1,-1,-1,-1
102,4975,544.82,103.84,74.73,169.57,1,-1,-1,-1
102,4965,178.73,95.26,62.71,142.31,1,-1,-1,-1
103,4988,511.77,121.64,61.48,139.50,1,-1,-1,-1
103,4987,306.45,92.55,73.68,167.20,1,-1,-1,-1
103,4986,497.86,155.61,47.90,108.71,1,-1,-1,-1
103,4975,550.10,90.22,79.47,180.33,1,-1,-1,-1
103,4965,179.13,97.56,61.98,140.64,1,-1,-1,-1
104,4988,513.45,87.74,79.35,180.05,1,-1,-1,-1
104,4987,305.82,92.94,74.58,169.23,1,-1,-1,-1
104,4986,487.93,146.50,51.76,117.45,1,-1,-1,-1
104,4975,540.47,97.17,80.26,182.13,1,-1,-1,-1
104,4965,176.13,86.15,67.81,153.88,1,-1,-1,-1
105,4988,512.26,112.44,69.19,157.01,1,-1,-1,-1
105,4987,306.08,93.09,74.14,168.25,1,-1,-1,-1
105,4986,479.58,118.50,67.27,152.66,1,-1,-1,-1
105,4965,178.74,95.27,62.71,142.29,1,-1,-1,-1
106,4990,566.80,93.15,74.02,167.96,1,-1,-1,-1
106,4988,502.61,108.99,67.47,153.11,1,-1,-1,-1
106,4987,305.96,92.94,74.36,168.73,1,-1,-1,-1
106,4986,480.01,115.18,68.41,155.24,1,-1,-1,-1
106,4965,176.30,95.10,67.48,153.14,1,-1,-1,-1
107,4992,391.56,172.48,30.67,69.60,1,-1,-1,-1
107,4990,569.79,92.91,74.42,168.87,1,-1,-1,-1
107,4988,500.54,105.11,68.32,155.03,1,-1,-1,-1
107,4987,306.02,93.03,74.25,168.49,1,-1,-1,-1
107,4986,480.04,116.30,67.86,153.99,1,-1,-1,-1
107,4965,178.65,97.20,62.88,142.69,1,-1,-1,-1
108,4992,391.57,183.14,26.42,59.95,1,-1,-1,-1
108,4990,573.28,104.58,68.36,155.13,1,-1,-1,-1
108,4988,501.15,106.29,67.91,154.09,1,-1,-1,-1
108,4987,303.06,104.48,68.45,155.33,1,-1,-1,-1
108,4986,471.75,115.88,68.13,154.60,1,-1,-1,-1
108,4965,176.34,86.45,67.41,152.96,1,-1,-1,-1
109,4992,386.63,177.05,28.00,63.54,1,-1,-1,-1
109,4990,574.22,106.44,67.88,154.04,1,-1,-1,-1
109,4988,491.91,105.89,68.11,154.55,1,-1,-1,-1
109,4987,301.79,106.49,67.84,153.94,1,-1,-1,-1
109,4986,469.58,116.06,68.00,154.30,1,-1,-1,-1
109,4965,178.63,95.07,62.92,142.78,1,-1,-1,-1
110,4990,578.49,94.32,74.00,167.91,1,-1,-1,-1
110,4988,498.58,106.05,68.01,154.33,1,-1,-1,-1
110,4987,305.11,107.23,57.73,131.00,1,-1,-1,-1
110,4986,470.10,115.97,68.06,154.45,1,-1,-1,-1
110,4965,176.35,95.20,67.39,152.92,1,-1,-1,-1
111,4995,369.90,175.74,33.53,76.10,1,-1,-1,-1
111,4990,580.33,92.60,74.43,168.89,1,-1,-1,-1
111,4988,501.59,105.98,68.06,154.44,1,-1,-1,-1
111,4987,309.49,112.37,51.85,117.66,1,-1,-1,-1
111,4986,460.94,116.01,68.03,154.38,1,-1,-1,-1
111,4965,175.84,94.77,68.36,155.12,1,-1,-1,-1
112,4995,370.02,176.06,33.55,76.14,1,-1,-1,-1
112,4990,579.94,93.14,74.22,168.41,1,-1,-1,-1
112,4988,503.66,114.99,62.58,142.00,1,-1,-1,-1
112,4987,303.73,106.77,61.71,140.04,1,-1,-1,-1
112,4986,458.53,115.99,68.05,154.41,1,-1,-1,-1
112,4965,176.08,95.14,67.89,154.05,1,-1,-1,-1
113,4998,384.00,115.00,56.88,129.07,1,-1,-1,-1
113,4995,369.99,175.99,33.54,76.12,1,-1,-1,-1
113,4990,580.01,92.95,74.32,168.65,1,-1,-1,-1
113,4988,501.30,107.32,67.54,153.27,1,-1,-1,-1
113,4987,302.76,106.92,62.47,141.75,1,-1,-1,-1
113,4986,455.63,130.58,57.61,130.73,1,-1,-1,-1
113,4965,175.96,94.92,68.12,154.57,1,-1,-1,-1
114,4998,384.00,115.00,56.88,129.07,1,-1,-1,-1
114,4995,372.62,176.36,31.02,70.39,1,-1,-1,-1
114,4990,575.55,88.13,79.65,180.75,1,-1,-1,-1
114,4988,503.66,114.50,62.85,142.62,1,-1,-1,-1
114,4987,303.09,107.09,62.10,140.92,1,-1,-1,-1
114,4986,448.87,117.79,67.12,152.30,1,-1,-1,-1
114,4965,178.93,82.68,73.89,167.67,1,-1,-1,-1
115,4998,380.39,107.69,61.91,140.49,1,-1,-1,-1
115,4990,588.11,97.44,63.65,144.43,1,-1,-1,-1
115,4988,504.16,116.54,61.91,140.49,1,-1,-1,-1
115,4987,295.57,106.94,62.28,141.32,1,-1,-1,-1
115,4986,447.59,124.25,63.07,143.12,1,-1,-1,-1
115,4965,180.21,80.48,74.48,169.01,1,-1,-1,-1
116,4998,383.46,114.00,57.38,130.20,1,-1,-1,-1
116,4990,590.64,97.30,61.51,139.58,1,-1,-1,-1
116,4988,503.92,108.39,62.37,141.53,1,-1,-1,-1
116,4987,293.62,107.03,62.19,141.12,1,-1,-1,-1
116,4986,445.64,132.34,56.76,128.79,1,-1,-1,-1
116,4965,179.97,81.18,74.19,168.36,1,-1,-1,-1
117,4998,384.19,115.38,56.63,128.51,1,-1,-1,-1
117,4990,580.83,91.83,73.91,167.71,1,-1,-1,-1
117,4988,511.43,106.70,62.15,141.02,1,-1,-1,-1
117,4987,294.09,106.98,62.23,141.22,1,-1,-1,-1
117,4986,437.93,118.01,61.97,140.61,1,-1,-1,-1
117,4965,177.07,85.03,68.48,155.40,1,-1,-1,-1
118,4998,383.92,114.84,57.00,129.34,1,-1,-1,-1
118,4990,592.18,105.97,58.31,132.32,1,-1,-1,-1
118,4987,293.98,107.01,62.21,141.17,1,-1,-1,-1
118,4986,445.73,150.06,49.03,111.27,1,-1,-1,-1
118,4965,178.70,80.96,73.72,167.30,1,-1,-1,-1
119,4987,294.00,98.78,62.22,141.20,1,-1,-1,-1
119,4965,180.25,80.86,74.56,169.19,1,-1,-1,-1
120,4999,494.00,106.15,62.22,141.19,1,-1,-1,-1
120,4987,291.18,94.13,67.70,153.63,1,-1,-1,-1
120,4965,177.05,85.23,68.29,154.96,1,-1,-1,-1
121,5001,438.67,147.72,51.49,116.84,1,-1,-1,-1
121,4999,494.00,107.41,62.22,141.19,1,-1,-1,-1
121,4987,293.71,97.51,62.76,142.43,1,-1,-1,-1
121,4965,178.68,80.86,73.81,167.50,1,-1,-1,-1
122,5001,428.03,118.59,61.87,140.39,1,-1,-1,-1
122,4999,494.00,106.88,62.22,141.19,1,-1,-1,-1
122,4987,294.14,97.03,61.95,140.58,1,-1,-1,-1
122,4965,185.55,93.20,68.68,155.86,1,-1,-1,-1
123,5001,429.70,140.34,52.88,119.99,1,-1,-1,-1
123,4999,486.60,107.03,62.22,141.19,1,-1,-1,-1
123,4987,295.88,105.00,57.36,130.15,1,-1,-1,-1
123,4965,180.87,83.23,73.63,167.09,1,-1,-1,-1
124,5001,427.40,135.01,56.20,127.53,1,-1,-1,-1
124,4999,488.20,114.27,57.21,129.83,1,-1,-1,-1
124,4987,296.09,106.38,56.64,128.54,1,-1,-1,-1
124,4965,184.99,84.35,68.78,156.07,1,-1,-1,-1
125,5001,419.11,117.23,62.21,141.18,1,-1,-1,-1
125,4999,489.24,115.27,56.71,128.69,1,-1,-1,-1
125,4998,388.04,105.82,68.14,154.63,1,-1,-1,-1
125,4987,284.19,82.86,73.44,166.66,1,-1,-1,-1
125,4965,186.34,85.37,67.68,153.58,1,-1,-1,-1
126,5001,417.73,115.70,62.22,141.20,1,-1,-1,-1
126,4999,486.73,127.02,52.39,118.89,1,-1,-1,-1
126,4998,388.31,115.06,62.53,141.90,1,-1,-1,-1
126,4987,281.31,92.60,68.88,156.30,1,-1,-1,-1
126,4965,188.67,95.42,62.78,142.46,1,-1,-1,-1
127,5001,409.85,116.07,62.22,141.19,1,-1,-1,-1
127,4999,485.87,129.59,51.81,117.56,1,-1,-1,-1
127,4987,281.03,95.82,67.63,153.47,1,-1,-1,-1
127,4965,189.15,97.54,61.95,140.57,1,-1,-1,-1
128,5006,377.92,156.89,30.82,69.93,1,-1,-1,-1
128,5001,407.55,115.98,62.22,141.19,1,-1,-1,-1
128,4999,486.01,128.80,52.09,118.21,1,-1,-1,-1
128,4987,280.94,94.69,68.24,154.85,1,-1,-1,-1
128,4965,188.93,96.79,62.35,141.49,1,-1,-1,-1
129,5006,381.45,161.46,28.50,64.67,1,-1,-1,-1
129,5001,397.90,106.99,67.70,153.64,1,-1,-1,-1
129,4999,476.34,116.96,61.61,139.81,1,-1,-1,-1
129,4987,281.04,95.13,67.94,154.18,1,-1,-1,-1
129,4965,186.21,86.43,67.64,153.50,1,-1,-1,-1
130,5001,398.29,114.63,62.76,142.43,1,-1,-1,-1
130,4999,474.60,115.60,62.51,141.86,1,-1,-1,-1
130,4987,280.98,94.94,68.09,154.51,1,-1,-1,-1
130,4965,185.90,84.54,68.23,154.84,1,-1,-1,-1
131,5001,399.24,116.49,61.95,140.58,1,-1,-1,-1
131,4999,478.19,128.20,52.50,119.14,1,-1,-1,-1
131,4987,281.01,95.03,68.02,154.35,1,-1,-1,-1
131,4965,180.74,81.02,73.84,167.55,1,-1,-1,-1
132,5001,396.10,106.81,67.82,153.91,1,-1,-1,-1
132,4999,471.96,123.72,56.37,127.91,1,-1,-1,-1
132,4987,280.99,94.99,68.05,154.43,1,-1,-1,-1
132,4965,187.82,95.52,63.27,143.57,1,-1,-1,-1
133,5001,395.95,105.74,68.15,154.64,1,-1,-1,-1
133,4999,470.70,122.69,57.12,129.63,1,-1,-1,-1
133,4987,281.00,95.01,68.04,154.39,1,-1,-1,-1
133,4965,189.42,97.66,61.70,140.01,1,-1,-1,-1
134,5001,390.61,115.08,62.53,141.89,1,-1,-1,-1
134,4999,466.67,116.65,61.80,140.24,1,-1,-1,-1
134,4987,281.00,95.00,68.04,154.41,1,-1,-1,-1
134,4965,188.84,96.70,62.47,141.76,1,-1,-1,-1
135,5001,388.65,116.31,62.07,140.85,1,-1,-1,-1
135,4999,470.19,122.16,57.44,130.34,1,-1,-1,-1
135,4987,281.00,95.00,68.04,154.40,1,-1,-1,-1
135,4965,186.25,86.48,67.59,153.38,1,-1,-1,-1
136,5001,389.07,108.49,62.29,141.36,1,-1,-1,-1
136,4999,466.82,116.85,61.66,139.92,1,-1,-1,-1
136,4987,271.96,95.00,68.04,154.40,1,-1,-1,-1
136,4965,185.88,84.52,68.26,154.90,1,-1,-1,-1
137,5001,386.18,105.04,67.67,153.56,1,-1,-1,-1
137,4999,465.73,115.64,62.49,141.81,1,-1,-1,-1
137,4987,269.52,95.00,68.04,154.40,1,-1,-1,-1
137,4965,186.06,85.18,67.93,154.16,1,-1,-1,-1
138,5001,385.91,106.13,68.22,154.81,1,-1,-1,-1
138,4999,459.99,107.14,67.58,153.36,1,-1,-1,-1
138,4987,270.12,95.00,68.04,154.40,1,-1,-1,-1
138,4965,180.67,80.79,73.97,167.86,1,-1,-1,-1
139,5001,386.04,106.02,67.95,154.20,1,-1,-1,-1
139,4999,468.59,132.99,53.39,121.15,1,-1,-1,-1
139,4987,269.97,95.00,68.04,154.40,1,-1,-1,-1
139,4965,176.86,85.05,68.60,155.67,1,-1,-1,-1
140,5001,385.98,105.97,68.08,154.50,1,-1,-1,-1
140,4987,261.79,95.00,68.04,154.40,1,-1,-1,-1
140,4965,178.76,80.98,73.67,167.18,1,-1,-1,-1
141,5001,386.01,106.02,68.02,154.35,1,-1,-1,-1
141,4987,259.56,95.00,68.04,154.40,1,-1,-1,-1
141,4965,177.29,84.91,68.76,156.02,1,-1,-1,-1
142,5012,456.24,105.31,61.91,140.49,1,-1,-1,-1
142,5001,385.99,105.99,68.05,154.42,1,-1,-1,-1
142,4987,260.11,95.00,68.04,154.40,1,-1,-1,-1
142,4965,175.77,85.22,67.69,153.60,1,-1,-1,-1
143,5013,307.50,191.64,28.80,65.35,1,-1,-1,-1
143,5012,455.88,107.80,62.38,141.55,1,-1,-1,-1
143,5001,386.00,106.01,68.04,154.39,1,-1,-1,-1
143,4987,259.97,95.00,68.04,154.40,1,-1,-1,-1
143,4965,184.23,84.85,68.21,154.79,1,-1,-1,-1
144,5013,307.55,197.31,25.88,58.73,1,-1,-1,-1
144,5012,456.05,114.22,62.14,141.01,1,-1,-1,-1
144,5001,394.22,106.00,68.04,154.41,1,-1,-1,-1
144,4987,250.97,95.00,68.04,154.40,1,-1,-1,-1
144,4965,181.04,95.72,62.49,141.81,1,-1,-1,-1
145,5017,365.73,107.44,67.53,153.24,1,-1,-1,-1
145,5016,18.54,121.61,67.06,152.17,1,-1,-1,-1
145,5013,303.53,196.88,26.06,59.13,1,-1,-1,-1
145,5012,449.88,107.41,67.74,153.72,1,-1,-1,-1
145,5001,399.24,114.98,62.58,142.02,1,-1,-1,-1
145,4987,248.52,95.00,68.04,154.40,1,-1,-1,-1
145,4965,178.54,97.39,62.09,140.88,1,-1,-1,-1
146,5017,361.60,114.28,62.87,142.66,1,-1,-1,-1
146,5016,19.08,112.55,74.39,168.80,1,-1,-1,-1
146,5013,299.44,189.33,28.16,63.91,1,-1,-1,-1
146,5012,454.83,114.54,62.75,142.38,1,-1,-1,-1
146,5001,398.99,116.35,62.04,140.78,1,-1,-1,-1
146,4987,249.12,95.00,68.04,154.40,1,-1,-1,-1
146,4965,179.10,96.87,62.29,141.34,1,-1,-1,-1
147,5017,360.90,116.65,61.90,140.46,1,-1,-1,-1
147,5016,20.28,117.02,74.24,168.46,1,-1,-1,-1
147,5012,450.24,107.47,67.47,153.10,1,-1,-1,-1
147,5001,398.98,115.86,62.31,141.39,1,-1,-1,-1
147,4987,248.97,95.00,68.04,154.40,1,-1,-1,-1
147,4965,176.17,94.61,67.68,153.57,1,-1,-1,-1
148,5017,360.99,115.75,62.38,141.55,1,-1,-1,-1
148,5016,19.93,124.77,74.31,168.62,1,-1,-1,-1
148,5012,448.63,105.48,68.32,155.03,1,-1,-1,-1
148,5001,399.02,116.06,62.18,141.09,1,-1,-1,-1
148,4987,249.01,95.00,68.04,154.40,1,-1,-1,-1
148,4965,175.91,94.99,68.22,154.80,1,-1,-1,-1
149,5017,361.02,116.10,62.14,141.02,1,-1,-1,-1
149,5016,31.18,104.58,79.66,180.76,1,-1,-1,-1
149,5012,447.82,107.80,62.44,141.68,1,-1,-1,-1
149,5001,398.99,115.97,62.24,141.24,1,-1,-1,-1
149,4987,249.00,95.00,68.04,154.40,1,-1,-1,-1
149,4965,178.85,97.46,62.49,141.81,1,-1,-1,-1
150,5017,352.77,115.95,62.26,141.28,1,-1,-1,-1
150,5016,34.64,98.79,80.17,181.92,1,-1,-1,-1
150,5012,453.16,106.55,52.55,119.24,1,-1,-1,-1
150,5001,399.00,116.01,62.21,141.17,1,-1,-1,-1
150,4987,249.00,95.00,68.04,154.40,1,-1,-1,-1
150,4965,179.07,96.96,62.09,140.89,1,-1,-1,-1
151,5017,350.57,116.02,62.20,141.15,1,-1,-1,-1
151,5016,41.59,114.25,74.55,169.18,1,-1,-1,-1
151,5012,454.27,104.78,51.73,117.39,1,-1,-1,-1
151,5001,396.18,106.98,67.71,153.65,1,-1,-1,-1
151,4987,249.00,95.00,68.04,154.40,1,-1,-1,-1
151,4965,176.15,86.32,67.76,153.77,1,-1,-1,-1
152,5017,351.10,115.99,62.23,141.21,1,-1,-1,-1
152,5016,43.38,116.50,74.15,168.27,1,-1,-1,-1
152,5012,446.22,105.15,56.72,128.70,1,-1,-1,-1
152,5001,398.71,114.63,62.76,142.42,1,-1,-1,-1
152,4987,249.00,95.00,68.04,154.40,1,-1,-1,-1
152,4965,175.93,84.60,68.18,154.71,1,-1,-1,-1
153,5017,350.98,116.01,62.22,141.18,1,-1,-1,-1
153,5016,42.89,115.84,74.35,168.72,1,-1,-1,-1
153,5012,446.01,106.26,61.98,140.65,1,-1,-1,-1
153,5001,399.14,109.09,61.95,140.59,1,-1,-1,-1
153,4987,249.00,95.00,68.04,154.40,1,-1,-1,-1
153,4965,176.03,85.13,67.98,154.25,1,-1,-1,-1
154,5017,351.01,116.00,62.22,141.19,1,-1,-1,-1
154,5012,439.47,105.51,67.81,153.88,1,-1,-1,-1
154,5001,398.93,106.42,62.35,141.48,1,-1,-1,-1
154,4987,249.00,95.00,68.04,154.40,1,-1,-1,-1
154,4965,175.98,93.17,68.07,154.47,1,-1,-1,-1
155,5017,350.75,108.26,52.67,119.52,1,-1,-1,-1
155,5012,437.61,106.06,68.15,154.66,1,-1,-1,-1
155,5001,391.35,89.04,78.99,179.25,1,-1,-1,-1
155,4987,249.00,95.00,68.04,154.40,1,-1,-1,-1
155,4965,176.01,87.24,68.03,154.36,1,-1,-1,-1
156,5012,437.62,115.00,62.53,141.89,1,-1,-1,-1
156,5001,390.07,112.56,64.05,145.34,1,-1,-1,-1
156,4987,249.00,95.00,68.04,154.40,1,-1,-1,-1
156,4965,176.00,84.45,68.05,154.42,1,-1,-1,-1
157,5016,60.09,125.00,67.83,153.93,1,-1,-1,-1
157,5012,437.35,107.30,67.57,153.32,1,-1,-1,-1
157,5001,397.38,159.34,31.86,72.29,1,-1,-1,-1
157,4987,240.78,95.00,68.04,154.40,1,-1,-1,-1
157,4965,178.80,95.76,62.58,142.01,1,-1,-1,-1
158,5023,342.00,137.00,52.00,118.00,1,-1,-1,-1
158,5016,64.52,117.56,74.02,167.97,1,-1,-1,-1
158,5012,437.60,114.51,62.84,142.59,1,-1,-1,-1
158,4987,238.57,95.00,68.04,154.40,1,-1,-1,-1
158,4965,176.27,86.73,67.54,153.27,1,-1,-1,-1
159,5023,333.10,110.70,61.65,139.91,1,-1,-1,-1
159,5016,75.38,115.54,74.42,168.86,1,-1,-1,-1
159,5012,436.93,116.54,61.92,140.50,1,-1,-1,-1
159,4987,247.32,95.00,68.04,154.40,1,-1,-1,-1
159,4965,178.66,95.04,62.85,142.62,1,-1,-1,-1
160,5023,338.51,119.65,57.51,130.51,1,-1,-1,-1
160,5016,77.41,116.15,74.22,168.43,1,-1,-1,-1
160,5012,436.98,115.79,62.37,141.53,1,-1,-1,-1
160,4987,249.41,95.00,68.04,154.40,1,-1,-1,-1
160,4965,176.33,86.97,67.42,152.99,1,-1,-1,-1
161,5023,333.54,117.50,61.62,139.84,1,-1,-1,-1
161,5012,437.02,116.09,62.15,141.03,1,-1,-1,-1
161,4987,248.90,95.00,68.04,154.40,1,-1,-1,-1
161,4965,175.84,84.35,68.34,155.08,1,-1,-1,-1
162,5023,331.55,115.47,62.51,141.85,1,-1,-1,-1
162,5012,436.99,115.96,62.26,141.27,1,-1,-1,-1
162,4987,246.89,97.40,62.59,142.02,1,-1,-1,-1
162,4965,178.88,95.88,62.43,141.66,1,-1,-1,-1
163,5023,332.15,116.21,62.08,140.87,1,-1,-1,-1
163,5012,436.49,129.87,57.19,129.79,1,-1,-1,-1
163,4987,247.94,86.33,67.54,153.26,1,-1,-1,-1
163,4965,179.13,82.49,73.53,166.86,1,-1,-1,-1
164,5027,389.00,116.00,62.22,141.19,1,-1,-1,-1
164,5023,331.95,115.91,62.29,141.35,1,-1,-1,-1
164,5012,428.19,118.71,61.77,140.17,1,-1,-1,-1
164,4987,247.06,95.14,62.85,142.62,1,-1,-1,-1
164,4965,179.95,95.05,63.44,143.97,1,-1,-1,-1
165,5027,381.50,116.00,62.22,141.19,1,-1,-1,-1
165,5023,331.51,122.50,57.18,129.75,1,-1,-1,-1
165,5012,427.13,106.22,67.91,154.09,1,-1,-1,-1
165,4987,247.92,86.95,67.42,152.99,1,-1,-1,-1
165,4965,176.08,87.11,67.15,152.37,1,-1,-1,-1
166,5027,379.57,116.00,62.22,141.19,1,-1,-1,-1
166,5023,330.91,116.63,56.73,128.74,1,-1,-1,-1
166,5012,428.19,105.91,68.11,154.55,1,-1,-1,-1
166,4987,252.25,95.58,57.97,131.54,1,-1,-1,-1
166,4965,175.87,84.24,68.47,155.38,1,-1,-1,-1
167,5027,380.11,116.00,62.22,141.19,1,-1,-1,-1
167,5023,331.51,107.26,61.98,140.64,1,-1,-1,-1
167,5012,418.92,106.04,68.01,154.33,1,-1,-1,-1
167,4987,255.02,96.88,61.42,139.36,1,-1,-1,-1
167,4965,178.89,95.95,62.36,141.50,1,-1,-1,-1
168,5027,379.97,116.00,62.22,141.19,1,-1,-1,-1
168,5023,331.57,114.13,57.34,130.12,1,-1,-1,-1
168,5012,416.53,105.98,68.06,154.44,1,-1,-1,-1
168,4987,250.06,86.19,68.06,154.45,1,-1,-1,-1
168,4965,176.22,86.63,67.64,153.50,1,-1,-1,-1
169,5027,375.55,106.99,67.70,153.64,1,-1,-1,-1
169,5023,323.19,108.02,61.70,140.01,1,-1,-1,-1
169,5012,417.12,106.01,68.03,154.38,1,-1,-1,-1
169,4987,248.75,84.72,68.03,154.38,1,-1,-1,-1
169,4965,178.69,95.10,62.80,142.50,1,-1,-1,-1
170,5032,125.28,104.00,74.29,168.57,1,-1,-1,-1
170,5027,374.83,105.67,68.20,154.77,1,-1,-1,-1
170,5023,321.65,106.61,62.47,141.76,1,-1,-1,-1
170,5012,416.97,106.00,68.04,154.41,1,-1,-1,-1
170,4987,249.06,93.28,68.05,154.41,1,-1,-1,-1
170,4965,176.32,86.94,67.44,153.05,1,-1,-1,-1
171,5032,121.91,104.00,74.29,168.57,1,-1,-1,-1
171,5023,322.12,107.17,62.10,140.91,1,-1,-1,-1
171,5012,417.01,106.00,68.04,154.40,1,-1,-1,-1
171,4987,246.86,97.82,62.58,142.01,1,-1,-1,-1
171,4965,178.77,80.25,74.19,168.36,1,-1,-1,-1
172,5032,129.19,143.20,58.07,131.78,1,-1,-1,-1
172,5023,321.96,106.93,62.28,141.33,1,-1,-1,-1
172,5012,417.00,106.00,68.04,154.40,1,-1,-1,-1
172,4987,245.84,96.90,62.04,140.79,1,-1,-1,-1
172,4965,177.36,85.26,68.48,155.40,1,-1,-1,-1
173,5032,123.44,122.00,66.92,151.86,1,-1,-1,-1
173,5023,322.02,107.03,62.19,141.12,1,-1,-1,-1
173,5012,428.56,133.47,53.10,120.50,1,-1,-1,-1
173,4987,246.02,96.97,62.31,141.39,1,-1,-1,-1
173,4965,175.72,85.06,67.82,153.91,1,-1,-1,-1
174,5032,131.80,114.23,68.58,155.63,1,-1,-1,-1
174,5023,321.99,106.98,62.23,141.22,1,-1,-1,-1
174,5012,430.49,144.75,51.45,116.76,1,-1,-1,-1
174,4987,246.01,97.03,62.18,141.09,1,-1,-1,-1
174,4965,176.04,84.93,68.15,154.64,1,-1,-1,-1
175,5032,142.09,149.07,52.76,119.73,1,-1,-1,-1
175,5023,322.00,107.01,62.21,141.17,1,-1,-1,-1
175,5012,418.16,118.88,67.39,152.92,1,-1,-1,-1
175,4987,245.99,96.98,62.24,141.24,1,-1,-1,-1
175,4965,176.00,85.05,67.99,154.28,1,-1,-1,-1
176,5032,138.48,150.19,56.25,127.64,1,-1,-1,-1
176,5023,322.00,107.00,62.22,141.20,1,-1,-1,-1
176,5012,428.16,140.84,53.51,121.42,1,-1,-1,-1
176,4987,246.00,97.01,62.21,141.17,1,-1,-1,-1
176,4965,175.99,84.97,68.07,154.46,1,-1,-1,-1
177,5037,370.65,115.45,62.42,141.65,1,-1,-1,-1
177,5032,139.96,137.15,62.19,141.12,1,-1,-1,-1
177,5023,322.00,107.00,62.22,141.19,1,-1,-1,-1
177,5012,430.35,162.44,43.50,98.72,1,-1,-1,-1
177,4987,248.11,94.56,67.71,153.65,1,-1,-1,-1
177,4965,178.81,95.64,62.57,141.99,1,-1,-1,-1
178,5037,373.55,141.64,52.55,119.24,1,-1,-1,-1
178,5036,403.19,86.08,78.53,178.19,1,-1,-1,-1
178,5032,141.25,135.71,62.23,141.22,1,-1,-1,-1
178,5023,313.43,96.34,67.71,153.64,1,-1,-1,-1
178,4987,240.96,95.02,68.20,154.77,1,-1,-1,-1
178,4965,176.27,86.76,67.55,153.28,1,-1,-1,-1
179,5037,382.71,186.52,32.08,72.79,1,-1,-1,-1
179,5036,402.78,88.10,80.72,183.18,1,-1,-1,-1
179,5032,144.31,108.10,73.61,167.03,1,-1,-1,-1
179,5023,312.76,105.19,62.76,142.42,1,-1,-1,-1
179,4987,244.63,97.45,62.50,141.83,1,-1,-1,-1
179,4965,169.81,67.90,85.85,194.82,1,-1,-1,-1
